0.5,1,2,3,4,5,6,7,8,9,10
0.5,1,2,3,4,5,6,7,8,9,10
0.5,1,2,3,4,5,6,7,8,9,10
0.5,1,2,3,4,5,6,7,8,9,10
0.5,1,2,3,4,5,6,7,8,9,10
0.5,1,2,3,4,5,6,7,8,9,10
0.5,1,2,3,4,5,6,7,8,9,10
0.5,1,2,3,4,5,6,7,8,9,10
0.5,1,2,3,4,5,6,7,8,9,10
0.5,1,2,3,4,5,6,7,8,9,10
0.5,1,2,3,4,5,6,7,8,9,10
0.5,1,2,3,4,5,6,7,8,9,10
0.5,1,2,3,4,5,6,7,8,9,10
0.5,1,2,3,4,5,6,7,8,9,10
0.5,1,2,3,4,5,6,7,8,9,10
0.5,1,2,3,4,5,6,7,8,9,10
0.5,1,2,3,4,5,6,7,8,9,10
0.5,1,2,3,4,5,6,7,8,9,10
0.5,1,2,3,4,5,6,7,8,9,10
0.5,1,2,3,4,5,6,7,8,9,10
0.5,1,2,3,4,5,6,7,8,9,10
0.5,1,2,3,4,5,6,7,8,9,10
0.5,1,2,3,4,5,6,7,8,9,10
0.5,1,2,3,4,5,6,7,8,9,10
0.5,1,2,3,4,5,6,7,8,9,10
0.5,1,2,3,4,5,6,7,8,9,10
0.5,1,2,3,4,5,6,7,8,9,10
0.5,1,2,3,4,5,6,7,8,9,10
0.5,1,2,3,4,5,6,7,8,9,10
0.5,1,2,3,4,5,6,7,8,9,10
0.5,1,2,3,4,5,6,7,8,9,10
0.5,1,2,3,4,5,6,7,8,9,10
0.5,1,2,3,4,5,6,7,8,9,10
0.5,1,2,3,4,5,6,7,8,9,10
0.5,1,2,3,4,5,6,7,8,9,10
0.5,1,2,3,4,5,6,7,8,9,10
0.5,1,2,3,4,5,6,7,8,9,10
0.5,1,2,3,4,5,6,7,8,9,10
0.5,1,2,3,4,5,6,7,8,9,10
0.5,1,2,3,4,5,6,7,8,9,10
0.5,1,2,3,4,5,6,7,8,9,10
0.5,1,2,3,4,5,6,7,8,9,10
0.5,1,2,3,4,5,6,7,8,9,10
0.5,1,2,3,4,5,6,7,8,9,10
0.5,1,2,3,4,5,6,7,8,9,10
0.5,1,2,3,4,5,6,7,8,9,10
0.5,1,2,3,4,5,6,7,8,9,10
0.5,1,2,3,4,5,6,7,8,9,10
0.5,1,2,3,4,5,6,7,8,9,10
0.5,1,2,3,4,5,6,7,8,9,10
0.5,1,2,3,4,5,6,7,8,9,10
0.5,1,2,3,4,5,6,7,8,9,10
0.5,1,2,3,4,5,6,7,8,9,10
0.5,1,2,3,4,5,6,7,8,9,10
25,50,100,200,500,1000
250,500,750,1000,1500,2000
500,1000,1500,2000,3000,5000