[[0.83958761173352037, 0.21523641793855339, 0.00076331283500531612, 0.0012285869818594198, 0.028594913504499282, 0.10445752704359343, 0.0077199099230668188, 0.29414405151729844], 
[0.10241867252157767, 0.34397696895207708, 0.0054759802569041291, 0.026306056079604317, 0.0043963766345939265, 0.366620417576632, 0.0004701893654829038, 0.11090635700963558], 
[1.6762602239911416e-06, 0.016497195913039577, 0.9259778689009831, 0.009990250529445235, 4.1355323201666805e-05, 0.066849542284574362, 0.010697476484865463, 0.13496184481783799], 
[6.2260477496627479e-06, 0.034455709444226143, 0.051483823729846404, 0.88330515331042669, 0.058010917635755756, 0.087043040948986045, 1.1719352041847048e-05, 0.0011860625447604122], 
[0.057575021063351897, 0.0086772251142466419, 0.00037153588824073415, 0.0075986328178751228, 0.88371771999245952, 0.0024152930661148738, 0.0056431474883530761, 0.015750233431928422], 
[0.0074549017569711723, 0.43070455710211963, 0.022712025338927855, 0.16925343761452266, 0.0011612471997616864, 0.61612894260326656, 7.8125018486436125e-05, 0.053502884326995195], 
[0.00079816551176380124, 0.00046165319449678653, 0.060711710886448236, 3.3164992169063863e-05, 0.12578930367044985, 0.00016273117609206069, 0.81140660459169123, 0.21376201132806485], 
[0.09837211189570047, 0.024129084214193314, 0.017453954989443538, 8.9856105447538859e-05, 0.0068899883451987104, 0.012054210408312208, 0.23301449030764909, 0.51456417985803993]]


Initial weights:
[[0.17444532724500028, 0.014445721483690499, 0.03636479597985143, 0.36167162713448986, 0.4317393232031299, 0.09316774875343004, 0.8465596430354846, 0.11433553426515441, 0.7466660560187247], [0.029826091169745217, 0.6353065019761063, 0.6135140945672944, 0.5152040324439213, 0.8412028266253763, 0.9196104268827587, 0.34951713587562994, 0.33111518200259815, 0.6226582788923823], [0.6068568009985396, 0.9769263568036752, 0.32683074358727393, 0.8259262942738236, 0.693502294342991, 0.2838577294529131, 0.35237796212982897, 0.009681110596460707, 0.9002724804268015]]
[[0.9030227191137152, 0.5763750006495437, 0.0929388264287575, 0.391228078165352], [0.09287920318263487, 0.14456258583951076, 0.4787093368419615, 0.550999675765], [0.24484695264877276, 0.7075476404863373, 0.6929018265550553, 0.7221489154946769], [0.5730238901624076, 0.3152533210889682, 0.20326669652476037, 0.7070965848401845], [0.35803230121486407, 0.423772401031817, 0.9350029870318142, 0.09580806176386458], [0.6775682964518666, 0.08525567880028517, 0.5315352351094877, 0.8129178912475886], [0.6176003420123658, 0.49905945446730127, 0.8782944503595757, 0.10062368909478037], [0.29425922179728903, 0.30508653476749226, 0.7522206008618364, 0.4841883316836765]]
Final results:
[[-18.878097429501235, 15.288871738184159, -114.12056574149646, 46.653415612860925, 2.7194730393376192, 10.795172741011193, -31.570535615791133, 34.45498878389126, 19.371587135130387], [-21.350913457570385, -4.5776860700861475, -38.104776701470556, 15.604640496700338, 24.540415195064181, 43.558180693305729, -36.755318306376395, 22.034401979967694, -42.852468356578896], [-29.602662160178937, -160.86779104562231, 29.300110152532284, 33.641905823167356, 60.381877971344636, 1.9321755946533519, 30.523114176661025, -47.17606682969987, 26.424530167399901]]
[[1.8133193475490512, -5.8843733440483854, -4.6068705177229674, -9.3754711280708953], [-1.1824894789074623, -4.1356728422912239, -3.5545723554182196, 1.263416464584203], [-7.3104602447417992, 4.9625866561135483, -0.58856505370630086, 4.9621084067636376], [-6.5696788412020064, -4.8733344787846002, 1.6990238096168373, 6.9619818305102896], [-3.4684470455974816, -2.1232613944630523, 5.4972194437919866, -4.5986497637085755], [-2.0401475057748577, -4.0369136406987511, -3.9821228477285335, 3.5144411606832535], [-5.0332099504646379, 6.5857363901614701, -0.14047705138807132, -6.1861286255745007], [-0.92251796548839538, 1.7552468080926928, -3.2130483360764224, -2.7274802373359757]]
[[0.026877363388264543, 5.4872191013251724e-12, 1.9042905275057903e-83], [1.7354595049007383e-58, 1.5091132984920858e-26, 0.4249337425430606], [0.99999999999913447, 0.0031844918926092276, 0.98269398546709719], [9.6028147417170194e-08, 0.96043729206234485, 0.99999999999995715], [0.00030867135982082992, 0.99999999977327136, 9.6130316682769523e-13], [1.2315074653733878e-22, 5.8181401795648854e-26, 0.71513419822166502], [0.99999982819256061, 0.66451685418167972, 4.5229488063661611e-34], [0.62092817255466215, 1.3086561744708979e-28, 0.0399969986705596]]
[[0.83958761173352037, 0.21523641793855339, 0.00076331283500531612, 0.0012285869818594198, 0.028594913504499282, 0.10445752704359343, 0.0077199099230668188, 0.29414405151729844], [0.10241867252157767, 0.34397696895207708, 0.0054759802569041291, 0.026306056079604317, 0.0043963766345939265, 0.366620417576632, 0.0004701893654829038, 0.11090635700963558], [1.6762602239911416e-06, 0.016497195913039577, 0.9259778689009831, 0.009990250529445235, 4.1355323201666805e-05, 0.066849542284574362, 0.010697476484865463, 0.13496184481783799], [6.2260477496627479e-06, 0.034455709444226143, 0.051483823729846404, 0.88330515331042669, 0.058010917635755756, 0.087043040948986045, 1.1719352041847048e-05, 0.0011860625447604122], [0.057575021063351897, 0.0086772251142466419, 0.00037153588824073415, 0.0075986328178751228, 0.88371771999245952, 0.0024152930661148738, 0.0056431474883530761, 0.015750233431928422], [0.0074549017569711723, 0.43070455710211963, 0.022712025338927855, 0.16925343761452266, 0.0011612471997616864, 0.61612894260326656, 7.8125018486436125e-05, 0.053502884326995195], [0.00079816551176380124, 0.00046165319449678653, 0.060711710886448236, 3.3164992169063863e-05, 0.12578930367044985, 0.00016273117609206069, 0.81140660459169123, 0.21376201132806485], [0.09837211189570047, 0.024129084214193314, 0.017453954989443538, 8.9856105447538859e-05, 0.0068899883451987104, 0.012054210408312208, 0.23301449030764909, 0.51456417985803993]]
5986
0.199924862628