0,0,0.42,0,0.42,0,0.21,0,0,0,0.21,0.21,0,0,0,0,0,0.42,0.42,0,0.64,0,0,0,0,0,0,0,0,0,0,0,0,0,0,0.42,0,0,0,0,0,0,0,0,0,0,0,0,0,0.126,0,0.031,1.269,0.412,13.017,183,1484,1
0.32,0.09,0.6,0,2.04,0.13,0,0,0.09,0.69,0.32,0.79,0.27,0,0,0.13,0.32,0,4.92,0,1.81,0,0.04,0.74,0,0,0,0,0,0,0,0,0,0,0,0,0,0,0,0.04,0,0,0,0,0.18,0,0.09,0,0.008,0.032,0,0.145,0.121,0.008,3.575,127,640,1
0.14,0.28,0.84,0,0.14,0.14,0,0.84,0.42,0.14,0,0.56,0.28,0.14,0.42,0.14,0.14,0.28,4.34,0.14,2.1,0,0.14,0.28,0,0,0,0,0,0,0,0,0,0,0,0,0,0,0,0,0,0,0,0,0.42,0,0,0,0,0.025,0,0.381,0.05,0,2.322,15,216,1
0.13,0.27,0.83,0,0.13,0.13,0,0.83,0.41,0.13,0,0.55,0.27,0.13,0.41,0.13,0.13,0.27,4.31,0.13,2.08,0,0.13,0.27,0,0,0,0,0,0,0,0,0,0,0,0,0,0,0,0,0,0,0,0,0.41,0,0,0,0,0.025,0,0.379,0.05,0,2.329,15,219,1
0.34,0.17,0.17,0,1.38,0.69,0.17,0.17,0,0.17,0,0.86,0,0,0.34,1.55,0.34,0.17,2.94,0,2.42,0,0,0,0,0,0,0,0,0,0,0,0,0,0,0,0,0,0,0,0,0,0,0,0,0,0,0,0,0.115,0,0,0.086,0,4.792,38,508,1
0.77,0.38,0.77,0,0,0.57,0,0.57,1.15,1.15,0,0.38,0.38,0,1.15,0.19,0.19,2.12,2.12,1.15,1.15,0,1.35,0.77,0,0,0,0,0,0,0,0,0,0,0.19,0,0,0,0,0,0,0,0,0,0,0,0,0,0.027,0.027,0,0.438,0.191,0.054,14.619,525,921,1
0.4,0.18,0.32,0,0.25,0.18,0.03,1.01,0.4,0.4,0.1,0.72,0.65,0.36,0.25,0.54,0.36,0.36,3.05,0.14,1.41,0,0.29,0.76,0,0,0,0,0,0,0,0,0,0,0,0,0,0,0,0.03,0,0,0,0,0.07,0,0,0,0.012,0.042,0.072,0.334,0.139,0,3.305,181,1613,1
0,0,0,0,0,0,0,0,0,0,0,0,0,0,0,0.6,0,0,0,0,0,0,0,0.6,0,0,0,0,0,0,0,0,0,0,0,0,0,0,0,0,0,0,0,0,0,0,0,0,0,0.102,0,0.102,0.72,0,4.512,43,185,1
0.77,0.38,0.77,0,0,0.57,0,0.57,1.15,1.15,0,0.38,0.38,0,1.15,0.19,0.19,2.11,2.11,1.15,1.15,0,1.34,0.77,0,0,0,0,0,0,0,0,0,0,0.19,0,0,0,0,0,0,0,0,0,0,0,0,0,0.027,0.027,0,0.437,0.191,0.054,14.406,525,922,1
0.32,0,0.64,0,0,0,0,0,0,0,0.64,0.97,0,0,0,2.58,0,0,2.58,0.32,1.94,0,0.64,0,0,0,0,0,0,0,0,0,0,0,0,0,0,0,0,0,0,0,0,0,0,0,0,0,0.233,0.058,0,0.116,0.116,0,2.926,20,240,1
0,0.17,1.03,0,0.68,0.17,0.68,0,0,0.17,0,0.17,0.17,0,0.34,1.03,0.34,0.17,3.44,0,1.37,0,0,0,0,0,0,0,0,0,0,0,0,0,0,0,0,0,0,0.17,0,0,0,0,0,0,0,0,0,0.084,0,0.056,0.196,0,2.26,53,208,1
0,0,0,0,0,1.21,0,0,0,0,0,0,0,0,0,0,0,0,1.21,0,1.21,2.43,0,0,0,0,0,0,0,0,0,0,0,0,0,0,0,0,0,0,0,0,0,0,1.21,0,0,0,0,0,0,1.627,0,0.465,2.591,31,127,1
0.77,0.38,0.77,0,0,0.57,0,0.57,1.15,1.15,0,0.38,0.38,0,1.15,0.19,0.19,2.12,2.12,1.15,1.15,0,1.35,0.77,0,0,0,0,0,0,0,0,0,0,0.19,0,0,0,0,0,0,0,0,0,0,0,0,0,0.027,0.027,0,0.438,0.191,0.054,14.619,525,921,1
0.14,0.29,0.44,0,0.88,0.29,0,0,1.47,1.47,0.14,1.91,0.29,0,0.58,0.29,0,1.62,2.35,0.14,2.35,0,0.73,0.29,0,0,0,0,0,0,0,0,0,0,0,0,0,0,0,0,0,0,0,0,0,0,0,0,0,0.023,0,1.003,0.215,0.047,6.602,217,898,1
0.14,0.29,0.44,0,0.88,0.29,0,0,1.47,1.47,0.14,1.91,0.29,0,0.58,0.29,0,1.62,2.35,0.14,2.35,0,0.73,0.29,0,0,0,0,0,0,0,0,0,0,0,0,0,0,0,0,0,0,0,0,0,0,0,0,0,0.023,0,1.004,0.215,0.047,6.602,217,898,1
0,0.17,0,0,0.34,0.34,0,0,0,0.17,0,0,0.17,0,0,0.17,0.17,0,0.17,0,0,0,0,0,0,0,0,0,0,0,0,0,0,0,0,0,0,0,0,0,0,0,0,0,0.34,0,0,0,0,0.054,0,0,0.027,0,2.073,11,170,1
0,0,0.36,0,0.73,0,0,0,0,0.73,0,0.36,0,0,0,0,0,0,0.73,0,0,0,0,0,0,0,0,0.36,0,0,0,0,0,0,0,0,0,0,0,0,0,0,0,0,0,0.36,0,0,0,0,0,0,0,0,2.13,12,228,1
0,0,0.58,0,1.16,0,0,0,0,0.58,0,0,0,0,0,0.58,0,0,0.58,0,1.16,0,0,0,0,0,0,0,0,0,0,0,0,0,0,0,0,0,0,0,0,0,0,0,0,0,0,0,0,0,0,0,0,0,2.101,11,145,1
0,0,0,0,0.23,0,0,0,0,0,0,0.93,0,0,0,0.11,0,0.11,0.35,0,0.23,0,0,0,0,0,0,0.35,0.11,0.11,0,0,0,0,0,0.58,0,0.11,0,0,0,0.35,0,0,0,0.46,0.11,0.11,0,0.381,0,0.016,0,0,2.47,41,504,1
0,0,0,0,0,0.59,0,2.95,0,0,0,0.59,0.59,0,0.59,5.91,2.95,0.59,1.77,0,1.18,0,0,0.59,0,0,0,0,0,0,0,0,0,0,0,0,0,0,0,0,0,0,0,0,0,0,0,0,0,0,0,0.293,0,0,1.69,15,93,1
0.77,0.38,0.77,0,0,0.57,0,0.57,1.15,1.34,0,0.38,0.38,0,1.15,0.19,0.19,1.92,2.11,1.15,1.15,0,1.34,0.77,0,0,0,0,0,0,0,0,0,0,0.19,0,0,0,0,0,0,0,0,0,0,0,0,0,0.027,0.027,0,0.438,0.191,0.054,14.619,525,921,1
0.43,0.26,0.43,0,0.78,0.26,0,0.17,0.34,4.09,0.08,1.22,0.43,0,0.78,1.13,0.26,1.91,2.35,0,2.35,0,0.08,0.43,0,0,0,0,0,0,0,0,0,0,0,0.08,0,0,0,0.08,0,0,0,0,0,0,0,0,0.056,0.241,0.042,0.709,0.056,0,4.319,126,1123,1
0,0,0,0,0,0,0,0,0,0,0,0,0,0,0,0,0,0,0,0,0,0,0,0,0,0,0,0,0,0,0,0,0,0,0,0,0,0,0,0,0,0,0,0,0,0,0,0,0,0.1,0,0,0,0,2.5,33,125,1
0.85,0,0,0,0.85,0,0,0,0,0,0,0.85,0.42,0,0,1.28,0,0,3.86,0,0.85,0,0,0.85,0,0,0,0,0,0,0,0,0,0,0,0,0,0,0,0,0,0,0,0,0,0,0,0,0,0.066,0,0.535,0.133,0,11.592,110,313,1
0,0,0,0,0,0,0,0,0,0,0,0,0,0,0,0,0,0,0,0,0,0,0,0,0,0,0,0,0,0,0,0,0,0,0,0,0,0,0,0,0,0,0,0,0,0,0,0,0,0.041,0,0,0,0,1.938,33,95,1
0,0,1.55,0,0,0.77,0,0.38,0,0,0.38,1.16,0,0,0,0.38,0,1.16,1.93,0,0.38,0,1.16,0.38,0,0,0,0,0,0,0,0,0,0,0,0,0,0,0,0,0,0,0,0,0,0,0,0,0,0.06,0,0.601,0.12,0,2.666,22,160,1
0,0,0,0,0,0,0,0,0,0,0,0,0,0,0,1.66,0,0,3.33,0,1.66,0,0,0,0,0,0,0,0,0,0,0,0,0,0,0,0,0,0,0,0,0,0,0,0,0,0,0,0,0,0,0.986,0,0,8,38,80,1
0,0.13,0.13,0,0,0.13,0,0,0.13,1.5,0,0.4,0,0,0.27,0.27,0,0.4,1.09,0,2.32,10.38,0.13,0,0,0,0,0,0,0,0,0,0,0,0,0.13,0,0,0,0,0,0,0,0,0,0,0,0,0.021,0.042,0,0.364,0.064,0.686,13.884,107,1444,1
0.87,0.17,0.52,0,0,0.32,0,0.04,0.29,0.42,0.39,1.37,0.87,1.69,0,0.32,0.54,0.22,3.47,0.29,1.32,0,0.34,0.84,0,0,0,0,0,0,0,0,0,0,0,0,0,0,0,0,0,0,0,0.02,0.07,0,0.04,0,0.016,0.058,0,0.638,0.165,0.182,3.697,117,3498,1
0,0.27,0.54,0,0.27,1.64,0,0.27,0.54,0.54,0,1.09,0.27,0,0,0,0,0.27,1.37,0,1.09,0,0.27,0,0,0,0,0,0,0,0,0,0,0,0,0,0,0,0,0,0,0,0,0,0.27,0,0,0,0,0,0,0.472,0.128,0,10.877,93,533,1
0.4,0,0,0,0.8,0,0.4,2.8,0,1.2,1.2,2.8,0,0,0,0.4,0,0,4,0,0.8,0,0,1.2,0,0,0,0,0,0,0,0,0,0,0,0,0,0,0,0,0,0,0,0,0,0,0,0,0.052,0,0,0.105,0.052,0.052,1.194,5,129,1
4.54,4.54,0,0,0,0,0,0,0,0,0,0,0,0,0,4.54,0,9.09,0,0,4.54,0,0,9.09,0,0,0,0,0,0,0,0,0,0,0,0,0,0,0,0,0,0,0,0,0,0,0,0,0,0,0,3.076,0,0,1.428,4,10,1
0,0,0,0,0,0,0,0,0,0,0,0,0,0,0,0,0,0,1.28,0,1.28,0,0,0,0,0,0,0,0,0,0,0,0,0,0,0,0,0,0,0,0,0,0,0,0,0,0,0,0,0,0,0.699,0.932,0,5.083,39,122,1
0,0,0,0,2.63,0,0,0,0,0,0,0,0,0,0,1.31,0,0,1.31,0,2.63,0,0,0,0,0,0,0,0,0,0,0,0,0,0,0,0,0,0,0,0,0,0,0,0,0,0,0,0,0,0,0,0,0,4.818,46,106,1
0,1.19,0,0,0,0,0,0,0,0,0,0,0,0,0,1.19,0,0,1.19,0,0,0,0,0,0,0,0,0,0,0,0,0,0,0,0,0,0,0,0,0,0,0,0,0,0,0,0,0,0,0,0,0.403,0,0,9.785,42,137,1
0.4,0.34,0.27,0,0.13,0.4,0.06,0.2,0,1.36,0.27,0.68,0.95,0,0.2,0,0,0,3.68,0,0.81,0,0.13,0.27,0,0,0,0,0,0,0,0,0,0,0,0,0,0,0,0,0,0,0,0,0,0,0,0,0.013,0.052,0,0.474,0.197,0.065,3.286,53,608,1
0,0,0,0,0.12,0,0,0,0,0,0,0.9,0,0,0,0.12,0,0.12,0.12,0,0.12,0,0,0,0,0,0,0.25,0.12,0.12,0,0,0,0,0,0.64,0,0.12,0,0,0,0.38,0,0,0,0.38,0,0,0,0.391,0,0,0,0,2.417,41,481,1
0,0,0,0,0.12,0,0,0,0,0,0,0.99,0,0,0,0.12,0.12,0.12,0.12,0,0.12,0,0,0,0,0,0,0.24,0.12,0.12,0,0,0,0,0,0.62,0,0.12,0,0,0,0.37,0,0,0.12,0.37,0,0,0,0.365,0,0,0,0,2.376,41,492,1
0,0,0,0,0.12,0,0,0,0,0,0,0.96,0,0,0,0.12,0.12,0.12,0.12,0,0.12,0,0,0,0,0,0,0.24,0.12,0.12,0,0,0,0,0,0.6,0,0.12,0,0,0,0.36,0,0,0.12,0.36,0,0,0,0.352,0,0,0,0,2.337,41,505,1
0.19,0.19,0.19,0,1.08,0.19,0.19,0.98,0.89,0.59,0.09,1.08,0.19,0.89,0.09,0,0,1.18,3.85,0.59,1.78,0,0.09,0.29,0,0,0,0,0,0,0,0,0,0,0.09,0,0,0,0.09,0.09,0,0,0,0,0,0,0,0,0,0,0.19,0.412,0.222,0.015,4.195,49,814,1
0.87,0.17,0.52,0,0,0.32,0,0.04,0.29,0.42,0.39,1.37,0.87,1.69,0,0.32,0.54,0.22,3.47,0.29,1.32,0,0.34,0.84,0,0,0,0,0,0,0,0,0,0,0,0,0,0,0,0,0,0,0,0.02,0.07,0,0.04,0,0.016,0.058,0,0.639,0.165,0.182,3.697,117,3498,1
0,0,0,0,0,0,0,0,0,0,0,0,0,0,0,0,0,0,0,0,0,0,0,0,0,0,0,0,0,0,0,0,0,0,0,0,0,0,0,0,0,0,0,0,0,0,0,0,0,0,0,0,0.862,0,8.5,17,34,1
0,0,0,0,0,0,0,0,0,0,0,2.1,0,0,0,0,0,0,2.1,0,1.05,0,0,0,0,0,0,0,0,0,0,0,0,0,0,0,0,0,0,0,0,0,0,0,0,0,0,0,0,0.178,0,0,0,0,1.275,7,51,1
0.21,0.21,0.42,0,0.42,0.21,0,0.42,0.42,0.21,0,0.64,0,0,0,0.85,1.07,0,4.07,1.07,1.07,0,0,0,0,0,0,0,0,0,0,0,0,0,0,0,0,0,0,0,0,0,0,0,0,0,0,0,0,0.216,0,0.432,0.18,0.072,4.391,36,303,1
0,0.29,0.29,0,0.58,0,0.58,0,0,0.58,0.29,0.29,0,0,0,1.46,0.29,0.87,1.16,0.87,1.16,0,0,0,0,0,0,0,0,0,0,0,0,0,0,0,0,0,0,0,0,0,0,0,0.29,0,0,0,0,0.086,0,0.606,0,0.043,3.591,37,352,1
0.22,0.88,0.44,0,0.22,0,0,0,1.32,1.54,0,0.88,0.66,0,1.1,0.66,0,1.54,2.87,0,1.54,0,0,0.22,0,0,0,0,0,0,0,0,0,0,0,0,0,0,0,0.44,0,0,0,0,0,0,0,0,0,0.085,0,0.659,0.114,0.028,9.1,65,728,1
0,0,0,0,1.63,0,0,0,0,1.63,0,0.81,0,0,0,0,0,0,3.27,0,0,0,0,0,0,0,0,0.81,0,0,0,0,0,0,0,0,0,0,0,0,0,0,0,0,0,0.81,0,0,0,0,0,0,0,0,1.558,11,53,1
0,0,0,0,0,0,0,0,0,0.76,0,2.29,0,0,0,0,0,0,3.05,0,0,0,0,0,0,0,0,0,0,0,0,0,0,0,0,0,0,0,0,0,0,0,0,0,0.76,1.52,0,0,0,0,0,0,0,0,1.216,4,45,1
0.22,0.88,0.44,0,0.22,0,0,0,1.32,1.54,0,0.88,0.66,0,1.1,0.66,0,1.54,2.87,0,1.54,0,0,0.22,0,0,0,0,0,0,0,0,0,0,0,0,0,0,0,0.44,0,0,0,0,0,0,0,0,0,0.085,0,0.659,0.114,0.028,9.1,65,728,1
0.1,0,0.74,0.21,0.21,0,0.1,0.1,0,0,0.1,0.31,0,0,0,0,0,0.21,0.63,0,0.31,0,0.21,0,0,0,0,0,0,0.1,0,0,0,0,0,0.63,0,0,0,0,0,0,0,0,0,0,0,0,0,0.101,0,0.05,0.609,0.253,7.887,126,1609,1
0,0.32,0,0,0,0,0,0,0.32,0,0,1.29,0,0,0,0,0,0,0,0,0,0,0,0,0,0,0,0,0,0,0,0,0,0,0,0,0,0,0,0,0,0,0,0,0,0,0,0,0,0.037,0,0,0,0,2.391,36,110,1
0.43,0,0.43,0,0.43,0.43,0,0,0,0.87,0,0.43,0,0,0,0,3.49,0,1.31,0,1.74,0,1.31,0,0,0,0.43,0,0,0,0,0,0,0,0,0,0,0,0,0,0,0,0,0,0,0,0,0,0,0,0,0.298,0.149,0.074,2.955,47,133,1
0.43,0.26,0.43,0,0.78,0.26,0,0.17,0.34,4.09,0.08,1.22,0.43,0,0.78,1.13,0.26,1.91,2.35,0,2.35,0,0.08,0.43,0,0,0,0,0,0,0,0,0,0,0,0.08,0,0,0,0.08,0,0,0,0,0,0,0,0,0.056,0.241,0.042,0.709,0.056,0,4.319,126,1123,1
0.7,0,1.06,0,0,0,0,1.41,0.35,0.35,0,0.35,0,0,0,2.12,0.7,0.35,2.12,3.18,2.12,0,0.35,1.41,0,0,0,0,0,0,0,0,0,0,0,0,0,0,0,0,0,0,0,0,0,0,0,0,0,0.117,0,0.353,0,0,1.209,13,196,1
0.43,0.4,0.37,0,0.15,0.09,0.06,0.12,0.5,0.97,0.25,0.69,0.4,1.06,0.03,0.15,0.25,0,2.57,0,1.41,1.28,0.31,0.56,0,0,0,0,0,0,0,0,0,0,0,0,0,0,0,0,0,0,0,0,0.06,0,0,0,0.031,0.122,0.01,0.345,0.42,0.266,8.016,178,3303,1
0,0,0.19,0,0,0,0.19,0,0,0,0,0.19,0,0.09,0,0,0,0.09,0.19,0,0.09,0,0,0,0.09,0,0,0,0,0,0,0,0.19,0,0,0,0,0.09,0.19,0,0,0,0,0,0,0,0.09,0,0.015,0.137,0,0.061,0,0,3.626,44,990,1
0,0.24,1.45,0,0.36,0.6,0.6,0,0.6,1.45,0.12,0.85,0.48,0,1.94,0.12,0,0,1.33,0.12,0.6,0,0.48,0.12,0,0,0,0,0,0,0,0,0,0,0,0,0,0,0,0,0,0,0.24,0,0,0.12,0,0,0,0.117,0,0.234,0.234,0,4.493,39,746,1
0.35,0.1,0.55,0,2.15,0.15,0,0,0.1,0.75,0.35,0.85,0.25,0,0,0.15,0.3,0,5,0,1.75,0,0.05,0.8,0,0,0,0,0,0,0,0,0,0,0,0,0,0,0,0,0,0,0,0,0.2,0,0,0,0.008,0.035,0,0.149,0.131,0.008,3.629,127,617,1
0,0,0,0,0.45,0,0.45,0,0.9,0.45,0.45,0.9,0.45,0,0,1.81,0,0.45,1.36,0,1.36,0,0,0,0,0,0,0,0,0,0,0,0,0,0,0,0,0,0,0.45,0,0,0,0,0.45,0,0,0,0,0.16,0,0.64,0.16,0,3.607,71,184,1
0,0,0,0,0,0,0,0,0,0,0,0,0,0.83,0,0,0,0,0,0,0,0,0,0,0,0,0,1.66,0,0,0,0,0,0,0,0,0,0,0,0,0,0,0,0,0,2.5,0,0,0.121,0.605,0,0,0,0,2.222,22,100,1
0,0.45,1.35,0,1.35,0,0.9,0.45,0,1.35,0,0.45,2.71,0,0,0,0,0.9,2.26,0,1.8,0,0.45,0,0,0,0,0,0,0,0,0,0,0,0,0,0,0,0,0,0,0,0,0,0,0,0,0,0,0,0,0.82,0.41,0,2.446,12,137,1
0.4,0.4,0,0,0,0,0,0,1.2,4.81,0.4,0,0,0,4.41,0,0,0,1.2,0,1.2,0,4.01,0.4,0,0,0,0,0,0,0,0,0,0,0,0,0,0,0,0,0,0,0,0,0,0,0,0,0,0,0,0.855,0.794,0,4.152,41,353,1
0.1,0.1,0.03,0,0.07,0.03,0,0.03,0,0.1,0,0.53,0,0,0,0.17,0.03,0,0.81,0.03,1.35,0,0.1,0.17,0,0,0,0,0,0,0,0,0,0,0,0,0,0,0,0,0,0.03,0,0,0,0,0.03,0,0,0.071,0,0.006,0.065,0,2.106,46,3214,1
0.14,0.18,0.79,0,0.04,0.14,0.18,0.28,0.28,0.84,0.18,0.46,0.61,0.09,0.32,0.89,0.37,0.46,3.8,0.04,1.87,0,0.46,0.28,0,0,0,0,0,0,0,0,0,0,0,0,0,0,0,0.28,0,0,0,0,0.28,0.04,0,0,0,0.101,0,0.522,0.109,0.062,5.759,116,2062,1
0,0,0.21,0,0.21,0,0,0,0,0,0,0.84,0,0,0,0.21,0,0,0,0,0,0,0,0,0,0,0,0.42,0,0,0,0,0,0,0,0.42,0,0,0.21,0,0,0,0,0,0,1.48,0,0,0,0.057,0,0,0,0,2.807,39,379,1
0.33,0.42,0.75,0,0,0.25,0,0.08,0.16,1.09,0.33,1.09,0.16,0,0,0.67,0.67,0.08,2.52,0,0.92,0,0,0.5,0,0,0,0,0,0,0,0,0,0,0,0,0,0,0,0.08,0,0,0,0,0.08,0,0,0,0.014,0.029,0,0.523,0.378,0,3.631,67,897,1
0,0.82,0.32,0,1.14,0.32,0,0.16,0,0.65,0,2.13,0,0,0,0.16,0,0,1.47,0,1.47,0,0.98,0.32,0,0,0,0,0,0,0,0,0,0,0,0,0,0,0,0,0,0,0,0.16,0,0,0,0,0,0,0,0,0.29,0.029,2.257,13,158,1
0,0,0,0,1.21,0,0,0.6,0,0.6,1.21,0,0,0,0,1.82,0,0,4.26,0,0,0,0,0,0,0,0,0,0,0,0,0,0,0,0,0,0,0,0,0,0,0,0,0,0,0,0,0,0,0.29,0,0.193,0,0,1.861,26,67,1
0.33,0.16,0.16,0,1.35,0.67,0.16,0.33,0,0.16,0,0.84,0,0,0.33,1.52,0.33,0.16,2.88,0,2.37,0,0,0,0,0,0,0,0,0,0,0,0,0,0,0,0,0,0,0,0,0,0,0,0,0,0,0,0,0.113,0,0.028,0.084,0,4.971,40,532,1
0,0,0,19.73,0,0,0,0,0,0,0,0.53,0,0,0,0,0,0,0,0,0,0,0,0,0,0,0,0,0,0,0,0,0,0,0,0.53,0,0,0.53,0,0,0,0,0,0,0,0,0,0,0.087,0,0,0,0,4.786,152,292,1
0,1.11,0.55,0,0,0,0,0,0,0,0.55,0,1.11,0,0,3.35,0,0,0.55,0,1.11,0,0,0,0,0,0,0,0,0,0,0,0,0,0,0,0,0,0,0.55,0,0,0,0,0,0,0,0,0.19,0,0,1.429,0.095,0,2.861,36,186,1
0,0,0.24,0,0.72,0,0,0,1.69,0,0.48,1.21,0,0,0,0.24,0,0,2.91,0,1.21,0,0,0.24,0,0,0,0,0,0,0,0,0,0,0,0,0,0.24,0,0,0,0,0,0,0.24,0,0,0,0,0.036,0,1.021,0.291,0.109,7.092,67,461,1
0,0,0,0,0.67,0,0.67,0,0,0,0,0,0,0,0,0,0,0,0.67,0,0.67,0,0,0,0,0,0,0,0,0,0,0,0,0,0,0,0,0,0,0,0,0,0,0,0,0,0,0,0.114,0.114,0,0.228,0.228,0,2.847,16,168,1
0.15,0,0.3,0,1.23,0.61,0,0.61,0,0.15,0,0.3,0,0,0.15,0.3,1.54,2.32,1.85,0,1.08,0,0,0.3,0,0,0,0,0,0,0,0,0,0,0,0,0,0,0,0.46,0,0,0,0,0,0,0,0,0,0.128,0,0.615,0.025,0,1.377,13,186,1
0.13,0.1,0.55,0,0.02,0.13,0.02,1.11,0.23,0.29,0.05,0.34,0.42,0.07,0.55,0.87,0.45,0.66,3.95,0.05,1.59,0,0.39,0.34,0,0,0,0,0,0,0,0,0.02,0,0,0,0,0,0,0.31,0,0,0,0.05,0.23,0.02,0,0,0.03,0.083,0,0.538,0.145,0.07,5.108,116,3525,1
0,0,0,0,0,1.05,0,0,0,0,0,0.52,0,0,0,0,0,0,0,0,0,0,0,0,0,0,0,0,0,0,0,0,0,0,0,0,0,0,0,0,0,0,0,0,0,0,0,0,0,0.057,0,0,0,0,2.675,36,99,1
0,0,0,0,0,0,0,0,0,0,0,0,0,0,0,0,0,0,0,0,0,0,0,0,0,0,0,0,0,0,0,0,0,0,0,0,0,0,0,0,0,0,0,0,0,1.47,0,0,0,0.364,0,0,0,0,3.23,38,126,1
0,0,0,0,0,0,0,0,0,0,0,0,0,0,0,2.4,0,0,2.4,0,2.4,0,0,0,0,0,0,0,0,0,0,0,0,0,0,0,0,0,0,0,0,0,0,0,0,0,0,0,0,0,0,0.151,0.302,0,2.611,11,47,1
0,0,0.94,0,0,0,0,0,0,0,0,0,0,0,0,0.47,0,0,0,0,0.47,0,0,0,0,0,0,0.94,0.47,0,0,0,0,0,0,0,0,0,0.47,0,0,0,0,0,0,0.94,0,0,0,0.332,0,0,0,0,1.518,15,161,1
0.98,0.16,0.41,0,0.08,0.24,0,0.08,0,0.49,0.08,0.57,0.9,0,0.16,0,0,0.32,2.46,0,1.14,0,0.49,1.14,0,0,0,0,0,0,0,0,0,0,0,0,0,0,0,0,0,0,0,0,0,0,0,0,0,0.095,0,0.751,0.255,0.095,4.163,84,712,1
0,0.22,0.22,0,0,0,0,0,0.22,2.75,0,0.68,0,0,0.68,0.45,0,1.37,2.06,0,4.12,0,0.45,0.22,0,0,0,0,0,0,0,0,0,0,0,0.22,0,0,0,0,0,0,0,0,0,0,0,0,0.028,0.114,0,0.919,0.229,0.028,4.444,138,400,1
0,0,0.68,0,0,0,0,0,0,0,0,0,0,0,0,0.68,0,0,0,0,0,0,0,0,0.68,1.36,0,0,0,0,0,0,0,0,0,0,0,0,0,0,0,0,0,0,0,0,0,0,0,0,0,0.309,0,0,1.6,4,32,1
0.26,0.46,0.99,0,0.53,0,0,0.53,0.19,1.12,0.26,0.73,0.66,0,0.06,0.26,0.13,0.26,3.78,0,3.32,0,0.39,0.26,0,0,0,0,0,0,0,0,0,0,0,0,0,0,0,0,0,0,0,0,0,0,0,0,0.011,0.023,0,0.449,0.265,0.034,13.235,272,1575,1
0,0.26,0.78,0,0.26,0.26,0.08,1.04,0.52,1.56,0.26,0.69,0.17,0.08,0.69,0.86,0.34,0,1.82,0.17,1.3,0,0.08,0.34,0,0,0,0,0,0,0,0,0.08,0,0,0.08,0,0,0,0,0,0,0,0,0.08,0.08,0,0,0.096,0.234,0,0.358,0.261,0.11,3.56,54,979,1
0.14,0,0.29,0,0.14,0,0,0,0,0,0,0.14,0.29,0,0,0.29,0,0,2.19,0,1.02,0,0,0.43,0,0,0,0,0,0,0,0,0,0.14,0,0,0,0,0,0,0,0,0,0,0.29,0,0,0,0.05,0.382,0,0.764,0,0,2.468,28,469,1
0,0.26,0.78,0,0.26,0.26,0.08,1.04,0.52,1.56,0.26,0.69,0.17,0.08,0.69,0.86,0.34,0,1.82,0.17,1.3,0,0.08,0.34,0,0,0,0,0,0,0,0,0.08,0,0,0.08,0,0,0,0,0,0,0,0,0.08,0.08,0,0,0.096,0.234,0,0.358,0.261,0.11,3.554,54,981,1
0,0,0,0,0.53,0,0,0.26,0,0,0,0.26,0.26,0,0,0.53,0,0,1.33,0,0,9.33,0.53,0.26,0,0,0,0,0,0,0,0,0,0,0,0,0,0,0,0,0,0,0,0,0,0,0,0,0,0,0,0.555,0,1.157,19.26,107,886,1
0,0,2.15,0,1.07,0,0,0,0,0,0,0,0,0,0,0,0,0,1.07,0,1.07,0,0,0,0,0,0,0,0,0,0,0,0,0,0,0,0,0,0,0,0,0,0,0,0,0,0,0,0,0,0,0.192,0,0,2.333,19,49,1
0,0,0,0,0,0,0,0,0,0,0,0,0,2.05,0,0,0,0,0,0,0,0,0,0,0,0,0,1.36,0,0,0,0,0,0,0,0,0,0,0,0,0,0,0,0,0,2.73,0,0,0.098,0.589,0,0,0,0,2.044,22,92,1
0,0.18,0.37,0,0.18,0,0,0,0,0,0.18,0.56,0,0.18,0.18,0.56,0.18,0.56,0.56,0,0.56,0,0,0,0,0,0,0,0,0,0,0,0,0,0,0,0,0,0,0,0,0,0,0,0,0,0,0,0,0.277,0,0.493,0.061,0.03,1.874,13,253,1
0,0,0,0,1.04,1.04,0,0,0,0,0,0,0,0,0,6.25,0,0,4.16,0,0,0,0,0,0,0,0,0,0,0,0,0,0,0,0,0,0,0,0,0,0,0,0,0,0,0,0,0,0,0,0,5.555,0,0,3.275,14,95,1
0,0.28,0,0,0,0,0,0,0,0,0,0.57,0,0,0,0,0,0,0,0,0,0,0,0,0,0,0,0.28,0,0,0,0,0,0,0,0.85,0,0,0.57,0,0,0,0,0,0,0.57,0,0,0,0.103,0,0,0,0,2.417,33,162,1
0.09,0.49,0.59,0,0.49,0.19,0,0,0.09,0.39,0,1.57,0.19,0,0,0,0.09,0,3.74,0.09,1.08,0,0,0.09,0,0,0,0,0,0,0,0,0,0,0,0,0,0,0,0,0,0,0,0,0,0,0,0,0.765,0.037,0,5.803,1.284,0,5.944,54,755,1
0,0.55,0.55,0,0.55,0.55,0,0.27,1.94,1.67,0,1.39,0.83,0,0.83,0.27,0,1.94,2.5,0,2.22,0,0.55,0.55,0,0,0,0,0,0,0,0,0,0,0,0,0,0,0,0,0,0,0,0,0,0,0,0,0,0,0,0.273,0.364,0.045,6.641,48,352,1
0.58,0,0.34,0,0.11,0.11,0,0,0,0.23,0.23,0.93,0.93,0,0,0.58,0.23,0.11,4.19,0,1.51,0,0.58,0.46,0,0,0,0,0,0,0,0,0,0,0,0,0,0,0.34,0,0,0,0,0,0.11,0,0,0.11,0,0.125,0,0.733,0.104,0.335,8.192,326,1360,1
0,0.18,0.18,0,0.74,0,0.18,0,0,0.55,0.18,0.18,0,0,0.18,0,0,0,1.11,0,0.74,0,0,0,0,0,0,0,0,0.18,0,0,0.37,0,0,0.74,0,0,0,0,0,0,0,0,0,0,0,0,0,0.058,0,0,0.029,1.57,2.166,11,208,1
0,0,0,0,0,0,0,0,0,0,0,0,0,0,0,0,0,0,0,0,0,0,0,0,0,0,0,8.33,0,0,0,0,0,0,0,0,0,0,0,0,0,0,0,0,0,0,0,0,0,2.013,0,0,0,0,3.5,28,42,1
0.49,0,0.24,0,0.24,0,0,0.73,0,0,0,0.49,0,0,0,0,0,0,4.9,0,1.22,0,0,0,0,0,0,0,0,0,0,0,0,0,0,0,0,0,0,0,0,0,0,0,0,0,0,0,0,0,0,0.544,0.077,0,2.055,22,111,1
0,0,0,0,0,0,0.91,0,0,0,0.91,2.75,0,0,0,0,0,0,6.42,0,0,0,0,0,0,0,0,0,0,0,0,0,0,0,0,0,0,0,0,0,0,0,0,0,0,0,0,0,0,0,0,0,0,0,1.941,12,33,1
0,0,0.29,0,0.87,0,0.29,0,0.87,0,0,1.45,0,0,0,0,0,0.29,5.24,0,1.45,0,0,0.29,0,0,0,0,0,0,0,0,0,0,0,0,0,0,0,0,0,0,0,0,0,0,0,0,0,0.042,0,0,0.085,0,5.145,33,247,1
0,0,0.57,0.57,0,0,0,0.28,0,0,0,0,0.28,0,0,0,0.28,0.57,2.89,0.86,1.73,0,0,0.28,0,0,0,0,0,0,0,0,0,0,0,0,0,0,0,0,0,0,0,0,0,0,0,0,0,0.461,0,1.385,0,0.046,3.535,64,396,1
0,0,0,0,0,0,0,0,0,0,0,0,0,0,0,0,0,0,0,0,0,0,0,0,0,0,0,0,0,0,0,0,0,0,0,0,0,0,0,0,0,0,0,0,0,0,0,0,0,0,0,0,0,0,1,1,7,1
1.06,0.16,0.4,0,0.16,0.24,0,0.16,0,0.49,0.08,0.57,0.9,0,0.16,0,0,0.32,2.37,0,1.22,0,0.49,1.14,0,0,0,0,0,0,0,0,0,0,0,0,0,0,0,0,0,0,0,0,0,0,0,0,0,0.095,0,0.845,0.255,0.095,4.194,84,713,1
0,0.26,0.79,0,0.26,0.26,0.08,1.06,0.53,1.59,0.26,0.71,0.17,0.08,0.71,0.88,0.44,0,1.86,0.26,1.24,0,0.08,0.35,0,0,0,0,0,0,0,0,0.08,0,0,0,0,0,0,0,0,0,0,0,0.26,0.08,0,0,0.098,0.226,0,0.353,0.254,0.113,3.591,54,966,1
0.98,0.16,0.41,0,0.16,0.24,0,0.16,0,0.49,0.08,0.57,0.9,0,0.16,0,0,0.32,2.37,0,1.23,0,0.49,1.14,0,0,0,0,0,0,0,0,0,0,0,0,0,0,0,0,0,0,0,0,0,0,0,0,0,0.096,0,0.736,0.256,0.096,4.123,84,701,1
0.58,0,0.34,0,0.11,0.11,0,0,0,0.23,0.23,0.93,0.93,0,0,0.58,0.23,0.11,4.19,0,1.51,0,0.58,0.46,0,0,0,0,0,0,0,0,0,0,0,0,0,0,0.34,0,0,0,0,0,0.11,0,0,0.11,0,0.125,0,0.733,0.104,0.335,8.192,326,1360,1
0,0,0,0,0,0,0,0,0,4.25,0,0,0,0,0,0,0,0,0,0,0,0,0,0,0,0,0,0,0,0,0,0,0,0,0,0,0,0,0,0,0,0,0,0,0,0,0,0,0.287,0,0,0,0,0,4.333,13,78,1
0.41,0,0.41,0,0.41,0,0,0,0.41,0.83,0,0,0,0,0,0,0.41,0,1.66,0,1.25,3.75,0,0,0,0,0,0,0,0,0,0,0,0,0,0,0,0,0,0,0,0,0,0,0,0,0,0,0,0,0,0,0,0.676,9.444,54,255,1
0,0,0,0,0,0,0,0,0,0,0,0,0,0,0,16.66,0,0,0,0,0,0,0,0,0,0,0,0,0,0,0,0,0,0,0,0,0,0,0,0,0,0,0,0,0,0,0,0,0,0,0,0,0,0,4.333,11,13,1
0,0.26,0.79,0,0.26,0.26,0.08,1.06,0.53,1.59,0.26,0.71,0.17,0.08,0.71,0.88,0.44,0,1.86,0.26,1.24,0,0.08,0.35,0,0,0,0,0,0,0,0,0.08,0,0,0,0,0,0,0,0,0,0,0,0.26,0.08,0,0,0.098,0.226,0,0.353,0.254,0.113,3.598,54,968,1
0,0.32,0,0,0,0,0,0,0,0,0,0.65,0,0,0,0,0,0,0,0,0,0,0,0,0,0,0,0,0,0,0,0,0,0,0,0.97,0,0,0.65,0,0,0,0,0,0,0,0,0,0,0.075,0,0,0,0,2.269,33,118,1
0,0,0,0,0,0,0,0,0,0,0,0,0,0,0,0,0,0,0,0,0,0,0,0,0,0,0,0.64,0,0,0,0,0.32,0,0,0,0,0,0.64,0,0,0,0,0,0,0,0,0,0,0.254,0,0,0,0,1.987,28,153,1
0,0,0,0,0.44,0,0,0,0,0.88,0,0,0,0,0,0.44,0,0,1.32,0,0,0,0,0,0,0,0,0.44,0,0,0,0,0,0,0,0,0,0,0,0,0,0,0,0,0,0.44,0,0,0,0,0,0,0,0,1.841,10,186,1
0.09,0.49,0.59,0,0.39,0.19,0,0,0.09,0.39,0,1.57,0.19,0,0,0,0.09,0,3.74,0.09,1.08,0,0,0.09,0,0,0,0,0,0,0,0,0,0,0,0,0,0,0,0,0,0,0,0,0,0,0,0,0.765,0.037,0,5.828,1.308,0,6.047,54,768,1
0.36,0.29,0.36,0,0,0.58,0.07,0.14,0.66,1.25,0.14,1.39,0.58,1.1,0.14,0.14,0,0,2.35,0,1.25,0.07,0.58,0.29,0,0,0,0,0,0,0,0,0,0,0,0,0,0,0,0,0,0,0.07,0,0,0,0,0,0,0,0,0.319,0.266,0.279,4.689,145,1163,1
0,0,0,0,0,0,0,0,0,0,0,0.72,0,0,0,0,0,0,0,0,0,0,0,0,0,0,0,0.48,0,0,0,0,0,0,0,0.24,0,0,0.48,0,0,0,0,0,0,0,0,0,0,0.186,0,0,0,0,2.823,38,240,1
0,0,0,0,0,0,0,0,0,0,0,0,0,0,0,2.4,0,0,2.4,0,2.4,0,0,0,0,0,0,0,0,0,0,0,0,0,0,0,0,0,0,0,0,0,0,0,0,0,0,0,0,0,0,0.145,0.291,0,2.5,11,45,1
0.17,0.22,0.62,0,0.11,0.22,0.05,0.11,0,0.39,0.11,1.02,0.45,0.05,0.05,0,0,0.39,3.46,0,1.76,0,0.56,0.34,0,0,0,0,0,0,0,0,0,0,0,0,0,0,0,0,0,0,0,0,0,0,0,0,0.01,0.2,0,0.441,0.421,0.04,4.945,116,1449,1
0,0,0,0,0,0,0,0,0,0,0,0,0,2.32,0,0,1.16,0,1.16,0,0,0,0,0,0,0,0,2.32,0,0,0,0,0,0,0,0,0,0,0,0,0,0,0,1.16,0,1.16,0,0,0,0.381,0,0,0,0.19,2.652,28,61,1
0,0.26,0.78,0,0.26,0.43,0.08,1.12,0.43,1.47,0.26,0.69,0.17,0.08,0.69,0.86,0.6,0,1.82,0.6,1.39,0,0.08,0.26,0,0,0,0,0,0,0,0,0.08,0,0,0,0,0,0,0,0,0,0,0,0.26,0.08,0,0,0.097,0.222,0,0.444,0.25,0.111,3.138,54,929,1
0,0,0,0,0,0,0,0,0,0,1.23,0,0,0,0,2.46,0,0,2.46,0,2.46,0,0,0,0,0,0,0,0,0,0,0,0,0,0,0,0,0,0,0,0,0,0,0,0,0,0,0,0,0,0,0.232,0.465,0,2.687,12,43,1
0,0,0,0.6,0.6,0,0,0,0,0,0,0,0.6,0,0,2.42,0,0.6,0,0,0.6,0,0.6,0,0,0,0,0,0,0,0,0,0,0,0,0,0,0,0,0,0,0,0,0,0,0,0,0,0,0,0,0.412,0.206,0.103,2.3,20,237,1
0,0,0,0,0,0,0,0,0,0,0,0,0,1.8,0,0,0.6,0,1.2,0,0,0,0,0,0,0,0,1.2,0,0,0,0,0,0,0,0,0,0,0,0,0,0,0,0.6,0,1.8,0,0,0,0.299,0,0,0,0.199,2.465,28,106,1
0,0,0,0,0,0,0,0,0,0,0,0.72,0,0,0,0,0,0,0,0,0,0,0,0,0,0,0,0.48,0,0,0,0,0,0,0,0.24,0,0,0.48,0,0,0,0,0,0,0,0,0,0,0.185,0,0,0,0,2.802,38,241,1
0,0,0,0,0,0.27,0,0,0.82,0,0,0.27,0,0,0,0,0,0,0,0,0,0,0,0,0,0,0,0.54,0,0,0,0,0,0,0,0.54,0,0,0.54,0,0,0,0,0,0,0,0,0,0.037,0.226,0,0.037,0,0,2.666,33,208,1
0,0.68,0,0,4.08,0,0.68,0,0,0.68,1.36,1.36,0,0,0,0,0.68,0.68,2.72,0,2.04,0,0,0,0,0,0,0,0,0,0,0,0,0,0,0,0,0,0,0,0,0,0,0,0,0,0,0,0,0,0,0,0.11,0,6.588,68,112,1
0,0.68,0,0,4.08,0,0.68,0,0,0.68,1.36,1.36,0,0,0,0,0.68,0.68,2.72,0,1.36,0,0,0,0,0,0,0,0,0,0,0,0,0,0,0,0,0,0,0,0,0,0,0,0,0,0,0,0,0,0,0,0.111,0,6.588,68,112,1
0.7,0,0.7,0,2.83,0,0,0,0,0,0,0,0,0,0,0,0,0.7,3.54,0,2.12,0,0,0,0,0,0,0,0,0,0,0,0,0,0,0,0,0,0,0,0,0,0,0,0,0,0,0,0,0,0,0.11,0,0,1.083,3,26,1
0.2,0.41,0.2,0,1.44,0,0,0.41,0.41,0.62,0,1.86,0.2,0.2,0,0.2,0.41,0,2.69,1.03,2.48,0,0,0,0,0,0,0,0,0,0,0,0,0,0,0,0,0,0,0,0,0,0,0,0,0,0,0,0,0.249,0,0.996,0.106,0,7.836,116,384,1
0,0,0,0,0,0,0,0,0,0,0,0,1.44,0,0,1.44,0,0,5.79,0,1.44,0,1.44,0,0,0,0,0,0,0,0,0,0,0,0,0,0,0,0,0,0,0,0,0,0,0,0,0,0,0,0,0.543,0.271,0,2.157,11,41,1
0,0.28,0,0,1.4,0,0.28,0.28,0,0.56,0,0.84,0,0,0,0.28,0,0,1.68,0,1.96,0,0,0,0,0,0,0,0,0,0,0,1.4,0,0,0,0,0.28,0,0,0,0,0,0.28,0.28,0,0,0,0,0.137,0.068,0.034,0,0,5.635,114,603,1
0,0,0,0,1.03,0,1.03,0,0,0,0,2.06,0,0,0,2.06,0,0,3.09,0,1.03,0,0,0,0,0,0,0,0,0,0,0,0,0,0,0,0,0,0,0,0,0,0,0,0,0,0,0,0,0,0,0,0,0,4,60,84,1
0,0.49,0,0,0,0,0,0,2.48,0,0,0,0,0,0,0,0,0,0.49,0,0.99,0,0,0.49,0,0,0,0,0,0,0,0,0,0,0,0,0,0,0,0,0,0,0,0,0,0,0,0,0,0.177,0,0,0.265,0.088,10.159,114,447,1
0.4,0.48,0.37,0,0.14,0.14,0.03,0.07,0.55,0.66,0.29,0.89,0.44,1.04,0.03,0.26,0.37,0.07,3.16,0,1.41,0,0.48,0.59,0,0,0,0,0,0,0,0,0.03,0,0,0,0,0.03,0,0,0,0,0,0,0.07,0,0,0,0,0.082,0,0.433,0.529,0.114,6.482,140,2379,1
0,0,0,0,0,0,0,0,0,3.57,0,1.78,0,0,0,0,0,0,1.78,0,0,0,0,0,0,0,0,0,0,0,0,0,0,0,0,0,0,0,0,0,0,0,0,0,0,0,0,0,0.252,0,0,0.757,0,0,4.157,13,79,1
0,0,0,0,0.64,0,0.64,0,0,0,0,0.64,0,0,0,0,0,0,5.8,0,0.64,0,0,0,0,0,0,0,0,0,0,0,0,0,0,0,0,0,0,0,0,0,0,0,0.64,0,0,0,0,0,0,1.44,0,0,2.875,21,115,1
0,0,0,0,0,0,0,0,0,3.7,0,0,0,0,0,0,0,0,0,0,0,0,0,0,0,0,0,0,0,0,0,0,0,0,0,0,0,0,0,0,0,0,0,0,0,0,0,0,0.261,0,0,0.785,0,0,4.333,13,78,1
0,0,0,0,0.65,0,0.65,0,0,0,0,0,0,0,0,0,0,0,5.22,0,0.65,0,0,0,0,0,0,0,0,0,0,0,0,0,0,0,0,0,0,0,0,0,0,0,0.65,0,0,0,0,0,0,1.461,0,0,2.973,21,113,1
0.1,0.1,0.71,0,0.61,0.3,0.4,0.1,1.42,0.81,0.1,0.5,0,0,0,0.1,0,1.11,2.23,0.5,2.03,0,0,0.3,0,0,0,0,0,0,0,0,0,0,0.1,0,0,0,0.1,0,0,0,0,0,0,0,0,0,0,0,0.264,1.01,0.397,0.033,3.199,56,1043,1
0.15,0,0.3,0,1.23,0.61,0,0.61,0,0.15,0,0.3,0,0,0.15,0.3,1.54,2.32,1.85,0,1.08,0,0,0.3,0,0,0,0,0,0,0,0,0,0,0,0,0,0,0,0.46,0,0,0,0,0,0,0,0,0,0.128,0,0.615,0.025,0,1.377,13,186,1
0,0,0,0,0,0,0,0,0,3.7,0,0,0,0,0,1.85,0,0,1.85,0,0,0,0,0,0,0,0,0,0,0,0,0,0,0,0,0,0,0,0,0,0,0,0,0,0,0,0,0,0.258,0,0,1.55,0,0,4.555,13,82,1
0,0,0,0,0.65,0,0.65,0,0,0,0,0,0,0,0,0.65,0,0,5.88,0,0.65,0,0,0,0,0,0,0,0,0,0,0,0,0,0,0,0,0,0,0,0,0,0,0,0.65,0,0,0,0,0,0,1.765,0,0,3.025,21,118,1
0,0,0,0,0,0,1.43,0,0,0.47,0,0.95,0.47,0,0,0,0,0,2.87,0,0.47,0,0.47,0,0,0,0,0,0,0,0,0,0,0,0,0,0,0,0,0,0,0,0,0,0,0,0,0,0,0,0,0.694,0,0,7.709,164,239,1
0.19,0.19,0.29,0,1.07,0.19,0.19,0.97,0.87,0.58,0.09,1.07,0.19,0.87,0.09,0,0,1.17,3.81,0.68,1.75,0,0.09,0.29,0,0,0,0,0,0,0,0,0,0,0,0,0,0,0.09,0.09,0,0,0,0,0,0,0,0,0,0,0.202,0.404,0.233,0.031,4.32,49,877,1
0,0,0,0,0,0,0,0,0,0,0,0,1.44,0,0,1.44,0,0,5.79,0,1.44,0,1.44,0,0,0,0,0,0,0,0,0,0,0,0,0,0,0,0,0,0,0,0,0,0,0,0,0,0,0,0,0.542,0.271,0,2.157,11,41,1
0,0,2.43,0,0,0,0,0,0,0,0,0,0,0,0,2.43,0,4.87,2.43,0,2.43,0,0,0,0,0,0,0,0,0,0,0,0,0,0,0,0,0,0,0,0,0,0,0,0,0,0,0,0,0,0,0.896,0,0,5.538,58,72,1
0,0,1.14,0,0,0,1.14,0,0,0,0,0,0,0,0,0,0,0,2.29,0,2.29,0,0,0,0,0,0,0,0,0,0,0,0,0,0,0,0,0,0,0,0,0,0,0,0,0,0,0,0,0.197,0,0,0,0,1.227,6,27,1
0,1.63,0,0,0.81,0,1.63,0,0,0,0,0,0,0,0.81,0,0,0.81,1.63,0,2.45,0,0,0,0,0,0,0,0,0,0,0,0,0,0,0,0,0,0,0,0,0,0,0,0,0,0,0,0,0,0.134,0,0,0,3.294,11,56,1
0,0,0,0,0,0,2.3,0,0,0,0.76,2.3,0,0,0,0.76,0,0.76,3.07,0,2.3,0,0,0,0,0,0,0,0,0,0,0,0,0,0,0,0,0,0,0,0,0,0,0,0,0,0,0,0,0,0,0.518,0,0,11.312,142,181,1
0,0,1.06,0,0,1.06,1.06,0,0,0,0,1.06,1.06,0,0,0,0,0,2.12,0,0,0,0,0,0,0,0,0,0,0,0,0,0,0,0,0,0,0,0,0,0,0,0,0,0,0,0,0,0,0,0,0,0,0,4.909,78,108,1
0,0,1.03,0,1.03,0,0,0,0,0,0,0,0,0,0,0,2.06,1.03,4.12,0,0,0,0,0,0,0,0,0,0,0,0,0,0,0,0,0,0,0,0,0,0,0,0,0,0,0,0,0,0,0,0,1.149,0,0,1.461,3,19,1
0.27,0,0.83,0,1.11,1.11,0.27,0,0,0,0,0.83,0,0,0,0.83,1.11,0.27,1.38,0,1.11,0,0.55,0,0,0,0,0,0,0,0,0,0,0,0,0,0,0,0,0,0,0,0,0,0,0,0,0,0,0,0,0.638,0,0,2.512,17,196,1
0,0,0,0,0,0,0,0,0,3.92,0,0,0,0,0,0,0,0,1.96,0,0,0,0,0,0,0,0,0,0,0,0,0,0,0,0,0,0,0,0,0,0,0,0,0,0,0,0,0,0,0,0,0,0,0,1.55,3,31,1
0,0,0,0,0,0,0,0,0,0,0,0,0,0,0,0,0,0,0,0,0,0,0,0,0,0,0,0,0,0,0,0,0,0,0,0,0,0,0,0,0,0,0,0,0,0,0,0,0,0.375,0.525,0.225,0,0,4.906,39,211,1
0,0,0,0.04,0,0,0,0,0,0,0,0,0,0,0,0.02,0,0,0.02,0,0,0,0,0,0,0,0,0,0,0,0,0,0,0,0,0,0,0,0,0,0,0,0,0,0,0,0,0,1.024,9.752,0.003,1.542,1.785,1.998,239.571,9989,10062,1
0.1,0.1,0.71,0,0.61,0.3,0.4,0.1,1.42,0.81,0.1,0.5,0,0,0,0.1,0,1.11,2.23,0.5,2.03,0,0,0.3,0,0,0,0,0,0,0,0,0,0,0.1,0,0,0,0.1,0,0,0,0,0,0,0,0,0,0,0,0.264,0.975,0.396,0.033,3.186,56,1042,1
0,0,1.63,0,0.54,0,0.54,0,0.54,1.09,0,2.18,0,1.09,0,0,0,0,2.73,0,2.73,0,0,0,0,0,0,0,0,0,0,0,0,0,0,0,0,0,0,0,0,0,0,0,0,0,0,0,0,0.086,0,1.466,0.258,0.086,31.388,392,565,1
0,1.2,0.4,0,0.4,0,0.8,0.4,0,0,0,0.8,0.4,0,0,0.8,0.4,1.2,3.62,0,1.61,0,0,1.61,0,0,0,0,0,0,0,0,0,0,0,0,0,0,0,0,0,0,0,0,0.4,0,0,0,0,0.069,0,0.552,0.207,0.138,6.652,69,153,1
0.22,0.44,0,0,1.33,0.22,1.33,0,0,0.22,0.44,0.66,0.22,0,0,1.11,0,1.11,2.66,0,1.77,0,0,0,0,0,0,0,0,0,0,0,0,0,0,0,0,0,0,0.22,0,0,0,0,0,0,0,0,0,0.134,0,0.067,0.067,0,1.946,22,183,1
0.07,0,1,0,0.3,0.46,0.07,0.23,0.23,0,0.3,1.31,0.15,0,0.07,1.39,0.15,0.85,2.24,0,0.77,0,0,0.3,0,0,0,0,0,0,0,0,0,0,0,0,0,0,0,0.15,0,0,0,0,0,0,0,0,0.024,0.183,0,0,0.183,0,3.211,84,700,1
0,0.5,0,0,0,0,0,0,2.5,0,0,0,0,0,0,0,0,0,0.5,0,1,0,0,0.5,0,0,0,0,0,0,0,0,0,0,0,0,0,0,0,0,0,0,0,0,0,0,0,0,0,0.178,0,0,0.267,0.089,10.372,114,446,1
0.19,0.76,0.19,0,0.19,0.19,0.19,0,0.95,0.38,0.19,0.57,0,0,2.86,0.19,0,3.43,1.71,0,2.09,0,3.62,0,0,0,0,0,0,0,0,0,0,0,0,0,0,0,0,0.38,0,0,0,0,0,0,0,0,0,0.151,0.303,0.212,0.303,0,11.242,132,742,1
0,0.37,0,0,0,0.74,1.12,0,0,0,0.74,1.49,0.74,0,0,0.37,0,1.49,4.49,0,1.87,0,0,0.74,0,0,0,0,0,0,0,0,0,0,0,0,0,0,0,0,0,0,0,0,0,0,0,0,0,0,0,0.223,0.223,0,2.021,10,93,1
0,0,0,0,0,0,0,11.11,0,0,0,0,0,0,0,0,0,0,0,0,11.11,0,0,0,0,0,0,0,0,0,0,0,0,0,0,0,0,0,0,0,0,0,0,0,5.55,0,0,0,0,0,0,0,0,0,1,1,4,1
0.17,0.26,1.21,0,0.43,0.6,0.43,0.26,0.69,0.52,0.26,1.3,0.17,0,0.6,0.69,0.08,1.47,2.43,0.17,1.04,0,0.95,0.17,0,0,0,0,0,0,0,0,0,0,0,0,0,0,0,0.08,0,0,0,0,0.08,0,0,0,0,0.107,0,0.256,0.242,0.013,6.142,583,1339,1
0.96,0,0.48,0,0,0.96,0,0,0.48,0,0.48,0,0,0,1.44,0.48,0.48,2.41,0,0,0.96,0,0,0.48,0,0,0,0,0,0,0,0,0.48,0,0,0,0,0,0,0,0,0,0,0,0,0.48,0,0,0,0.818,0,0.175,0.467,0.116,9.56,259,717,1
0,0,0,0,0.67,0,2.01,0,0,0,0,0,0,0,0,0,0,2.01,1.34,0.67,2.01,0,0,0,0,0,0,0,0,0,0,0,0,0,0,0,0,0,0,0,0,0,0,0,0,0,0,0,0,0,0,0.305,0,0,2.162,14,93,1
0.09,0.49,0.59,0,0.29,0.19,0,0,0.09,0.39,0,1.58,0.19,0,0,0,0.09,0,3.76,0.09,1.09,0,0,0.09,0,0,0,0,0,0,0,0,0,0,0,0,0,0,0,0,0,0,0,0,0,0,0,0,0.765,0.037,0,5.831,1.309,0,6,54,756,1
0,0,0,0,0.68,0,2.04,0,0,0,0,0,0,0,0,0,0,2.04,1.36,0.68,2.04,0,0,0,0,0,0,0,0,0,0,0,0,0,0,0,0,0,0,0,0,0,0,0,0,0,0,0,0,0,0,0.309,0,0,2.111,14,95,1
0,0,0.37,0,0,0,0.37,0,0,0,0,0.37,0,0,0,0.74,0.37,0.37,0.74,0.37,0.37,0,0,0,0,0,0,0,0,0,0,0,0,0,0,0,0,0,0,0.37,0,0,0,0,0,0,0.37,0,0,0.302,0,0.241,0.06,0,2.166,18,143,1
0.16,0.24,1.23,0,0.41,0.57,0.49,0.32,0.65,0.49,0.24,1.23,0.16,0,0.65,0.9,0.08,1.56,2.38,0.16,1.07,0,0.9,0.16,0,0,0,0,0,0,0,0,0,0,0,0,0,0,0,0.08,0,0,0,0,0.08,0,0,0,0,0.114,0,0.241,0.228,0.012,6.544,683,1466,1
0,0,0,0,0,0,0,0,0,1.08,0,0,0,0,0,3.26,0,0,5.43,0,0,0,0,0,0,0,0,0,0,0,0,0,0,0,0,0,0,0,0,0,0,0,0,0,0,0,0,0,0,0,0,2.152,0,0,5.21,36,99,1
0,0.96,0.96,0,1.44,0,0.48,0,0.48,1.92,0.48,0.96,0.48,0,1.92,0,0,0,0.96,0,0.96,0,4.32,0.48,0,0,0,0,0,0,0,0,0,0,0.48,0,0,0,0,0,0,0,0,0,0,0.48,0,0,0,0.061,0,0.43,0.43,0,25.964,305,727,1
0,0.18,1.1,0,0.73,0.73,0.73,0.09,0.83,0.27,0.27,0.64,0.27,0,1.47,0.09,0,1.2,1.38,0.18,0.64,0,0.55,0.18,0,0,0,0,0,0,0,0,0,0,0,0,0,0,0,0,0,0,0.18,0,0.09,0.09,0,0,0,0.094,0,0.43,0.134,0.013,8.445,696,1478,1
0,0,0,0,0.4,0.4,0.4,0.4,0,0,0.4,0,0,0,0,0.4,0,0,3.6,0,2,0,0,0.4,0,0,0,0,0,0,0,0,0,0,0,0,0,0,0,0,0,0,0,0,0,0,0,0,0,0,0,0.124,0,0,1.94,12,97,1
0,0,0,0,0,0,0,0,0,0,0,0.84,0,0,0,0,0,0,2.52,0,1.68,0,0,0,0,0,0,0,0,0,0,0,0,0,0,0.84,0,0,0,0,0,0,0,0,0,0,0,0,0,0.139,0,0,0,0,1.304,6,30,1
0,0,0,0,0,0,0,0.85,0,0,0,0.85,0,0,0,0,0,0,2.56,0,0.85,0,0,0,0,0,0,0,0,0,0,0,0,0,0,0.85,0,0,0,0,0,0,0,0,0,0,0,0,0,0.144,0,0,0,0,1.333,6,28,1
0,0.21,0.43,0,0.65,0,0.21,0.21,0.87,0.65,0.43,0.87,0,0,0,0.43,0,0.87,3.71,0,1.09,0.65,0,0.43,0,0,0,0,0,0,0,0,0,0,0,0,0,0.43,0,0,0,0,0,0,0.21,0,0,0,0,0.032,0,0.96,0.128,0.128,8.08,70,501,1
0,0,0,0,1.29,0,0,0,0,0,0,0,0,0,0,0.64,0,1.29,2.58,0.64,1.29,0,0,0,0,0,0,0,0,0,0,0,0,0,0,0,0,0,0.64,0,0,0,0,0,0,0,0,0,0,0.224,0,2.354,0,0,2.09,13,69,1
0,0.5,0,0,0,0,2,0,0,0.5,0.5,0.5,0,0,0,0.5,0,1.5,3,0,1.5,0,0.5,0.5,0,0,0,0,0,0,0,0,0,0,0,0,0,0,0,0,0,0,0,0,0,0,0,0,0,0.267,0,0.445,0.979,0,4.685,28,164,1
0.27,0.27,0.55,0,0.27,0.27,0,1.37,0.27,0.82,0.27,0.55,0,0,0,0,1.37,0.55,1.65,2.2,3.03,0,0,0,0,0,0,0,0,0,0,0,0,0,0,0,0,0,0,0.27,0,0,0,0,0,0,0,0,0,0.28,0,1.029,0.093,0,3.621,63,344,1
0.87,0.17,0.52,0,0,0.32,0,0.04,0.29,0.42,0.39,1.37,0.87,1.69,0,0.32,0.54,0.22,3.47,0.29,1.32,0,0.34,0.84,0,0,0,0,0,0,0,0,0,0,0,0,0,0,0,0,0,0,0,0.02,0.07,0,0.04,0,0.016,0.058,0,0.639,0.165,0.182,3.697,117,3498,1
0,0.78,2.34,0,0.78,0,1.56,0,0,0,0,1.56,0,0,0,0,0,0.78,7.03,0,2.34,0,0,0,0,0,0,0,0,0,0,0,0,0,0,0,0,0,0,0,0,0,0,0,0,0,0,0,0,0,0,1.363,0,0,1.348,29,147,1
0.71,0.35,0.71,0,1.79,0,0,0,0,0.35,0,1.43,0,0,0,0.35,0,0,3.94,0,1.43,0,0,0,0,0,0,0,0,0,0,0,0,0,0,0,0,0,0,0,0,0,0,0,0,0,0,0,0,0.061,0,0,0,0,8.086,153,186,1
0.33,0.84,0.67,0,0.67,0.33,0.67,0,0.33,0,0.16,0.84,0.16,0,0,0.67,0,0.5,3.03,0.33,2.18,0,0,0,0,0,0,0,0,0,0,0,0.33,0,0,0,0,0,0,0,0,0,0,0,0,0,0,0,0,0.183,0,0.156,0.104,0.026,6.5,525,858,1
0.42,0,0.42,0,1.71,0,0.42,0,0,0.21,0.21,0.85,0.21,0,0,0,1.92,0.42,3.21,0,1.49,5.78,0.21,0.21,0,0,0,0,0,0,0,0,0.21,0,0,0,0,0,0,0,0,0,0,0,0,0,0,0,0,0,0.075,0.263,0.075,0.639,53.433,494,1603,1
0,0,1.01,0,0,0,0.5,0,0,2.02,1.51,1.51,0,0,0,0.5,0,0,3.53,0,1.01,0,1.51,1.01,0,0,0,0,0,0,0,0,0,0,0,0,0,0,0,0,0,0,0,0,0,0,0,0,0,0.089,0,1.431,0.536,0,4.09,23,225,1
0.86,0,0.86,0,0,0,0,0,0,0,0,0,0,0,0,0.86,3.44,0,4.31,0,0.86,0,0.86,0,0,0,0,0,0,0,0,0,0,0,0,0,0,0,0,0,0,0,0,0,0,0,0,0,0,0,0,0.928,0.154,0.154,2.409,7,53,1
0.25,0.17,0.34,0,0,0.08,0,0,0.08,0.08,0.08,0.86,0,0,0,0.08,0,0.25,4.66,0,1.2,0,0,0.08,0,0,0,0,0,0,0,0,0,0,0,0,0,0,0,0,0,0,0.08,0,0,0,0,0,0,0.015,0,0.094,0.015,0,2.531,89,319,1
0.27,0.27,0.55,0,0.27,0.27,0,1.37,0.27,0.82,0.27,0.55,0,0,0,0,1.37,0.55,1.65,2.2,3.03,0,0,0,0,0,0,0,0,0,0,0,0,0,0,0,0,0,0,0.27,0,0,0,0,0,0,0,0,0,0.279,0,1.023,0.093,0,3.621,63,344,1
0,0,0,0,0,0,0,0,0,0,0,0,0,0,0,0,0,0,0,0,1.81,9.09,0,0,0,0,0,0,0,0,0,0,0,0,0,0,0,0,0,0,0,0,0,0,0,0,0,0,0,0,0,0,0,0.763,21.428,62,150,1
0,0,0,0,0,0,7.27,0,0,0,0,0,0,0,0,0,0,0,0,0,0,0,0,0,0,0,0,0,0,0,0,0,0,0,0,0,0,0,0,0,0,0,0,0,0,0,0,0,0,0,0,0.297,0,0,2,8,52,1
0.1,0.2,1.01,0,0.8,0.8,0.5,0,0.8,0.1,0.3,0.7,0.3,0,1.61,0.1,0,1.11,1.31,0.2,0.7,0,0.6,0.1,0,0,0,0,0,0,0,0,0,0,0,0,0,0,0,0,0,0,0.2,0,0.1,0.1,0,0,0,0.11,0,0.488,0.157,0.015,8.55,669,1351,1
0.2,0,0.1,0,0,0.1,0.2,0,0,0,0,0.72,0,0,0,0.1,0.2,0.1,4.17,0,1.35,0,0.52,0.41,0,0,0,0,0,0,0,0,0,0,0,0,0,0,0,0,0,0,0,0,0,0,0,0,0,0.057,0,0.095,0,0,2.717,24,318,1
0,0,1.47,0,0,1.1,0.36,0,0,0,0.36,0.36,0,0,0,0.36,0,0,2.21,1.1,2.95,0,1.47,0,0,0,0,0,0,0,0,0,0,0,0,0,0,0,0,0,0,0,0,0,0,0,0,0,0,0.123,0,0.433,0.928,0.185,3,33,177,1
0.15,0.15,0.31,0,0.15,0,0.46,0,0,0,0.62,0.62,0.15,0,0,0.31,0.15,0.93,2.63,0,2.01,0,0,0,0,0,0,0,0,0,0,0,0,0,0,0,0,0,0,0,0,0,0,0,0,0,0,0,0,0.092,0,0.123,0,0,6.268,196,608,1
0.93,0,0,0,0.93,0,1.86,0,0,0,0,2.8,0.93,0,0,0,0,0,8.41,0,1.86,0,0,0.93,0,0,0,0,0,0,0,0,0,0,0,0,0,0,0,0,0,0,0,0,0,0,0,0,0,0.164,0,2.306,0.164,0,8.312,29,133,1
0,0.22,0.45,0,0.68,0,0.22,0.22,0.9,0.68,0.45,0.9,0,0,0,0.68,0,0.9,3.86,0,1.13,0,0,0.45,0,0,0,0,0,0,0,0,0,0,0,0,0,0.45,0,0,0,0,0,0,0.22,0,0,0,0,0.033,0,1.103,0.133,0.033,7.166,54,430,1
0,0,0.27,0,0.54,0,0.27,0,0,0.27,0,0.54,0,0,0,1.35,0,0,1.08,0,2.44,10.86,0,0.54,0,0,0,0,0,0,0,0,0,0,0,0,0,0,0,0,0,0,0,0,0,0,0,0,0,0,0,0.329,0.141,1.41,44.72,252,1118,1
0.76,0,0.38,0,0.12,0.25,0,0.12,0.12,0,0,0.25,0.38,0,0,0.38,0,0.25,2.92,0,2.92,0,0,0.38,0,0,0,0,0,0,0,0,0,0,0.12,0,0,0,0,0,0,0,0,0,0,0,0,0,0,0.022,0,0.661,0.088,0,2.256,21,325,1
0,0,0,0,0,0,0,3.19,0,0,0,0,0,0,0,0,0,0,0,0,0,0,0,0,0,0,0,0,0,0,0,0,0,0,0,0,0,0,0,0,0,0,0,0,1.06,0,0,0,0,0.207,0,0.207,0.207,0,3.761,25,79,1
0,0,0,0,0,1.29,0,0.64,0,0,0,0,0,0,0,0,0,0,3.87,0,0.64,0,0,0,0,0,0,0,0,0,0,0,0,0,0,0,0,0,0,0,0,0,0,0,0,0,0,0,0,0,0,1.16,0.116,0,1.8,12,63,1
0,0,0,0,0,0,0,3.19,0,0,0,0,0,0,0,0,0,0,0,0,0,0,0,0,0,0,0,0,0,0,0,0,0,0,0,0,0,0,0,0,0,0,0,0,1.06,0,0,0,0,0.207,0,0.207,0.207,0,3.761,25,79,1
0,0,1.35,1.35,0,0,0,1.35,0,0,0,0,0,0,0,1.35,0,0,2.7,0,0,0,0,0,0,0,0,0,0,0,0,0,0,0,0,0,0,0,0,0,0,0,0,0,2.7,0,0,0,0,0,0,3.588,0,0,2.516,17,78,1
0,1.03,0,0,1.03,0,1.03,0.51,0,0.51,0,1.03,0,0,0,0.51,0,0.51,2.07,0,1.55,0,0,0,0,0,0,0,0,0,0,0,0,0,0.51,0,0,0,0,0,0,0,0,0,0,0,0,0,0,0.257,0,0.6,0.429,0,1.447,4,55,1
0,0,0,0,0,0,0,0,0,0,0,0,0,0,0.29,0.29,0,0.29,1.79,0,0.59,0,0.29,0,0,0,0,0,0,0,0,0,0.29,0,0,0,0,0,0,0,0,0,0.89,0,0,0,0,0,0,0.248,0,0,0.049,0,2.47,30,168,1
0,0,0.68,0,0,0,0,1.36,0,0,0.68,0.68,0,0,0,0,0,0,3.4,0,1.36,0,0.68,0.68,0,0,0,0,0,0,0,0,0,0,0,0,0,0,0,0,0,0,0,0,0,0,0,0,0,0,0,0.238,0.238,0,2.232,19,96,1
0.1,0.2,1.01,0,0.8,0.8,0.5,0,0.8,0.1,0.3,0.7,0.3,0,1.61,0.1,0,1.11,1.31,0.2,0.7,0,0.6,0.1,0,0,0,0,0,0,0,0,0,0,0,0,0,0,0,0,0,0,0.2,0,0.1,0.1,0,0,0,0.11,0,0.488,0.157,0.015,8.55,669,1351,1
0,0,0.66,0,0.33,0,0.33,0.33,1.33,2,0,0.66,0,0.33,1,0.33,0,0.66,2.67,0,1,0,2,0,0,0,0,0,0,0,0,0,0.33,0,0,0,0,0,0,0,0,0,0,0,0.33,0,0,0,0,0.23,0,0.057,0.23,0,5.279,82,227,1
0,0,0,0,0,0.23,0,0,0,0,0,0.46,0,0,0,0.46,0.46,0.23,3,0,0.69,0,0,0,0,0,0,0,0,0,0,0,0.23,0,0,0,0,0,0,0,0,0,0,0,0,0,0,0,0.077,0.038,0,0,0,0.038,2.6,42,182,1
0.39,0,0,0,0,0.39,0.79,0,0,0.39,0,0.79,0,0,0,0,0.39,0,2.37,0,2.76,0,1.18,0.79,0,0,0,0,0,0,0,0,0,0,0,0,0,0,0,0,0,0,0,0,0,0,0,0,0,0.064,0,0.64,0.192,0,2.74,13,74,1
0,0,0.77,0,0.38,0.38,0.38,0,0,0.77,0.38,0.38,0,0,0,0.77,0.77,0.77,2.31,0,1.15,0,0,0.38,0,0,0,0,0,0,0,0,0,0,0,0,0,0,0,0,0,0,0,0,0,0,0,0,0.063,0.127,0.255,0.51,0,0,3.685,62,258,1
0,0,0,0,0.53,0,0.53,0,0.53,0,0,1.07,0,0,0,0,0,0,2.15,0,3.22,0,0,0,0,0,0,0,0,0,0,0,0,0,0,0,0,0,0,0,0,0,0,0,0,0,0,0,0,0,0,0.082,0,0,4.391,66,101,1
0,0.31,0.42,0,0,0.1,0,0.52,0.21,0.52,0,0.52,0.63,0.1,0.1,0.21,0.31,0.21,2.53,0.42,1.69,0.31,0,0.1,0,0,0,0,0,0,0,0,0,0,0,0,0,0,0,0,0,0,0,0,0.1,0,0,0,0,0.016,0,0.887,0.032,0.049,3.446,318,1003,1
0,0,0,0,0,0,0,0,0,0,0,0,0,0,0,0,0,0,0,0,0,0,0,0,0,0,0,0,0,0,0,0,0,0,0,0,0,0,0,0,0,0,0,0,0,0,0,0,0.022,0.022,0.019,0.022,0.022,0.022,3.482,5,5902,0
0,0,0,0,0,0,0,0,0,0.85,0,0,0,0,1.7,0,0,0,2.56,0,1.7,0,0,0,0,0,0,0,0,0,0,0,0,0,0,0,0,0,0,0,0,0,0,0,0,0,0,0,0.299,0,0,0.149,0,0,1.04,2,26,0
0,0,0,0,0,0,0,0,0,0,0,0,0,0,0,0,0,0,0,0,0,0,0,0,0,0,33.33,0,0,0,0,0,0,0,0,0,0,0,0,0,0,0,0,0,0,0,0,0,0,0,0,0,0,0,1,1,3,0
0,0,0,0,0,0,0,0,0,0,0,0,0,0,0,0,0,0,0,0,0,0,0,0,5.12,0,0,0,0,0,0,0,0,0,0,0,1.28,0,2.56,0,0,0,0,0,0,0,0,0,0,0.131,0,0.262,0,0,1.625,7,65,0
0,0,0,0,0,0,0,0,0,0,0,0,0,0,0,0,0,0,0,0,0,0,0,0,0,0,0.07,0,0.07,0,0,0,0.07,0,0,0,0,0,0,0.07,0,0,0,0,0,0,0,0,0,0.104,0.324,0,0,0.011,4.411,28,1866,0
0,0,0,0,2.04,0,0,0,0,0,0,0,0,0,0,0,0,0,0,0,0,0,0,0,4.08,2.04,2.04,2.04,2.04,2.04,2.04,2.04,0,2.04,2.04,2.04,0,0,0,2.04,0,4.08,0,0,0,0,0,0,0,0.671,0,0,0,0,2.5,11,35,0
0,0,0,0,0,0,0,0,0,0,0,0,0,0,0,0,0,0,0,0,0,0,0,0,0,0,0.84,0,0.84,0,0,0,0.84,0,0,0,0,0,0,0,0,0,0,0,0,0,0,0,0,0.273,0.136,0,0,0.136,3.571,28,150,0
0,0,0,0,0,0,0,0,0,0,0,0,0,0,0,0,0,0,0,0,0,0,0,0,0,0,0,0,0,0,0,0,0,0,0,0,0,0,0,0,0,0,0,0,0,0,0,0,0,0,0,0,0,0,1,1,1,0
0,0,0,0,0,0,0,0,0,0,0,0,0,0,0,0,0,0,7.31,0,0,0,0,0,0,0,0,0,0,0,0,0,0,0,0,0,0,0,4.87,0,0,0,0,0,0,0,0,0,0,0,0,0.393,0,0,1.75,7,28,0
0,0,0,0,0,0,0,0,0,0,0,0,0,0,0,0,0,0,4,0,0,0,0,0,0,0,0,0,0,0,0,0,0,0,0,0,0,0,0,0,0,0,0,0,0,0,0,0,0,0,0,0.729,0,0,2.285,7,16,0
0,0,0,0,0,0,0,0,0,0,0,0.24,0,0,0,0,0,0,0.24,0,0,0,0,0,9.33,3.93,0.24,0,0,0.73,0,0,0,0,0.24,0.24,0,0,0.24,0,0,0.73,0,0.49,0,0,0,0,0,0.037,0,0.149,0,0,10.012,251,791,0
0.9,0,0,0,0.9,0,0,0,0,0,0,1.8,0,0,0,0,0,0,3.6,0,1.8,0,0,0,0.9,0.9,0,0,0,0,0,0,0,0,0,0,0,0,0,0,0,0.9,0,0,0,0,0,0,0,0.149,0,0,0,0,2.766,12,83,0
0,0,0,0,0,0,0,0,0,0,0,1.85,0,0,0,0,0,0,0,0,0,0,0,0,0,0,0,0,1.85,0,0,0,0,0,0,0,1.85,0,0,0,0,3.7,0,0,0,0,0,0,0,0.308,0,0,0,0,2,11,26,0
0.08,0,0.08,0,0,0.08,0,0.49,0,0,0.08,1.48,0.08,0.08,0,0,0.08,0,0,0,0,0,0,0,3.3,0,0,0,0,0,0,0,0,0,0,0.41,0.08,0,0,0,0,0,0.08,0,0,0,0,0.16,0.098,0.153,0,0,0.032,0,2.324,18,709,0
0,0,0,0,1.85,0,0,0,0,0,0,0,0,0,0,0,0,0,1.85,0,0,0,0,0,0,0,0,0,0,0,0,0,0,0,0,0,0,0,0,0,0,1.85,0,0,0,0,0,0,0,0.284,0,0,0,0,1.8,5,27,0
0,0,1.44,0,0,0,0,0,0,0,0,0,0,0,0,0,0,0,0,0,0,0,0,0,0,0,0,0,0,0,0,0,0,0,0,0,0,0,2.89,0,0,2.89,0,0,0,0,0,0,0,0.247,0,0,0,0,2.38,8,50,0
0,0,0,0,0,0,0,0,0,0,0,5.88,0,0,0,0,0,0,0,0,0,0,0,0,0,0,0,0,0,0,0,0,0,0,0,0,0,0,0,0,0,0,0,0,0,0,0,0,0,0,0,0.546,0,0,2,4,16,0
0,0,0,0,0,0,0,0,0,0,0,0.8,0,0,0,0,0,0,0.8,0,0,0,0,0,0.8,0,0,0,0,0,0,0,0,0,0.8,0.8,0,0,0,0,0,1.6,0,1.6,0,0,0,0,0,0.115,0,0.115,0,0,3.388,28,122,0
0,0,0,0,1.51,0,0,0,0,0,0,3.03,0,0,0,0,0,0,1.51,0,0,0,0,0,0,0,0,0,0,0,0,0,0,0,0,0,0,0,0,0,0,0,0,1.51,0,0,0,0,0,0.547,0,0,0,0,1.75,5,28,0
0,0,0,0,0,0,0,0,0,2.32,0,0,0,0,0,2.32,0,0,2.32,0,0,0,0,0,0,0,0,0,0,0,0,0,0,0,0,0,0,0,0,0,2.32,0,0,0,0,2.32,0,0,0,0,0,0.375,0,0,1.444,5,13,0
0,0.63,0,0,1.27,0,0,0,0,0,0,1.27,0,0,0,0,0,0.63,3.18,0,0.63,0,0,0,0,0,1.27,1.27,0,0,0,0.63,0,0.63,0,0,0,0,0,0,0,0,0,0,2.54,0,0,0,0,0.218,0,0,0,0,2.215,22,113,0
0,0,0.58,0,0,0,0,0,0,0,0,0,0,0,0,0,1.16,0.58,0.58,0,0,0,0,0,1.16,0.58,1.16,1.74,0.58,0.58,0.58,0.58,0,0.58,0.58,0.58,0,0,0,0.58,0,0,0,0,0.58,0,0,0,0,0.658,0,0.282,0,0,1.932,11,114,0
0.18,0.06,0.24,0,0.18,0,0,0.18,0,0.12,0,0.6,0,0,0,0.24,0.12,0,0.78,0,0.72,0,0.06,0.42,1.93,0.66,0,0.18,0,0.12,0.3,0,0,0,0.42,0,0.18,0,0.24,0,0,0.12,0,0,0.18,0,0,0.12,0,0.196,0,0.044,0.026,0,1.873,29,843,0
0,0,1.88,0,0,0,0,0,0,0,0,1.88,0,0,0,0,0,0,1.88,0,1.88,0,0,0,0,0,1.88,0,0,0,0,0,0,0,0,0,0,0,0,0,0,1.88,0,0,0,0,0,0,0.323,0.323,0,0,0,0,1,1,12,0
0,0,2.12,0,0,0,0,0,0,0,0,2.12,0,0,0,0,0,0,0,0,2.12,0,0,0,0,0,0,0,0,0,0,0,0,0,0,0,0,0,0,0,0,0,0,0,0,0,0,0,0,0,0,0,0,0,2.647,16,45,0
0,0,0,0,0,0,0,0,0,0,0,0,0,0,0,0,0,0,0,0,0,0,0,0,8.1,5.4,0,0,0,0,0,0,0,0,0,0,0,0,0,0,0,0,0,1.35,0,0,0,0,0,0,0,0,0,0,1.142,2,8,0
0,0,0,0,0,0,0,0,0,0,0,1.78,0,0,0,0,0,0,0,0,0,0,0,0,0,0,0,0,0,0,0,0,0,0,0,0,0,0,0,0,0,0,1.78,0,0,0,0,0,0,0.336,0,0,0,0,1.909,5,21,0
0,0,0,0,0,0,0,0,0,0,0,0,0,0,0,0,0,0,0,0,0,0,0,0,0,0,0,0,0,0,0,0,0,0,0,0,0,0,0,0,0,0,0,0,0,0,0,0,0,0,0,1.315,0,0,1,1,7,0
0,0,0,0,0,0,0,0,0,0,0,0.86,0.86,0,0,0,0,0,0,0,0,0,0,0,3.47,0,0,0,0,0,0,0,0,0,0,0,0.86,0,0,0,0,0,0,0,0,0,0,0,0,0,0,0,0,0,2.322,11,72,0
0,0,0,0,0,0,0,0,0,1.44,0,0,0,0,0,0,0,1.44,0,0,0,0,0,0,2.89,1.44,0,1.44,0,1.44,1.44,0,0,0,1.44,1.44,0,0,0,0,0,0,0,0,0,0,0,0,0,0.156,0,0.313,0,0,1.689,10,49,0
0,0,0,0,3.03,0,0,0,0,0,0,0,0,0,0,0,0,0,0,0,0,0,0,0,0,0,0,0,0,0,0,0,0,0,0,0,0,0,0,0,0,0,0,0,0,0,0,0,0,0,0,0,0,0,1.538,4,20,0
0,0,0.54,0,0,0,0,0,0,0,0,0.27,0,0,0,0,0,0,3.29,0,0,0,0,0,0,0,0,0,0,0,0,0,0,0,0,0,0.27,0,0.27,0,0.54,0,0.27,0,0.27,0.27,0,0,0,0.188,0.047,0,0,0,1.745,12,89,0
0,0,0.75,0,0,0,0,0,0,0,0,0.75,0,0,0,0,0,0,3.75,0,0,0,0,0,0,0,0,0,0,0,0,0,0,0,0,0,0,0,0,0,0,0,0,0,0,0,0,0,0,0.262,0,0,0,0,1.437,3,23,0
0,0,0.79,0,0,0,0,0,0,0,0,0.39,0,0,0,0,0,0.39,3.18,0,0,0,0,0,0,0,0,0,0,0,0,0,0,0,0,0,0.39,0,0,0,0.39,0,0,0,0.39,0.39,0,0,0,0.237,0,0,0,0.059,2.51,12,123,0
0.08,0.16,0.08,0,0.2,0,0.04,0.04,0.04,0.49,0.12,0.32,0.12,0.04,0,0.08,0,0,0.77,0,0.2,0,0,0,0,0,0,0,0,0,0,0,0,0,0,0.69,0.65,0,0,0.04,0,0.08,0,0.16,0,0.28,0,0.89,0.016,0.243,0,0.033,0,0.016,2.747,86,1995,0
0,0,0,0,0,0,0,0,0,0,0,0,0,0,0,0,0,0,0,0,0,0,0,0,16.66,0,0,0,0,0,0,0,0,0,0,0,0,0,0,0,0,0,0,0,0,0,0,0,0,0,0,0,0,0,3.125,17,25,0
0,0,0,0,0,0,0,0.26,0.39,0,0.13,0.52,0.26,0,0,0,0,0,0,0,0,0,0,0,4.22,0.13,0,0,0,0,0,0,0,0,0,0.13,0.13,0,0,0,0,0,0,0.13,0,0,0,0,0.017,0.107,0,0,0.071,0,2.848,26,433,0
0,0,1.58,0,0,0,0,0,0,0,0,1.58,0,0,0,0,0,0,1.58,0,1.58,0,0,0,1.58,3.17,0,0,0,0,0,0,0,0,0,0,0,0,0,0,0,0,0,0,0,0,0,0,0,0,0,0,0,0,1.538,4,20,0
0,0,0.21,0,0.42,0,0,0,0.21,0,0,0,0,1.27,0,0,0.21,0,0.21,0,1.06,0,0,0,0.21,0,0,0.21,0,0,0,0,0,0,0.21,0,0,0,0,0,0,2.12,0,0,0,0,0,0,0,0.161,0,0.161,0,0.182,2.813,121,723,0
0,0,0,0,0,0,0,0,0,0,0,3.57,0,0,0,0,0,0,0,0,0,0,0,0,0,0,0,0,0,0,0,0,0,0,0,0,0,0,0,0,0,0,0,0,0,0,0,0,0,0,0,0.684,0,0,2,7,16,0
0,0,1.21,0,0,2.43,0,0,0,0,0,0,0,0,0,0,0,0,1.21,0,1.21,0,0,0,0,0,1.21,0,0,0,0,0,0,0,0,0,0,0,0,0,0,0,0,0,0,0,0,0,0,0.211,0,0.211,0,0,1,1,11,0
0,0,0,0,0,0,0,0,0,0,0,1.41,0,0,0,0,0,0,0.47,0,0.94,0,0,0,0.47,0,0,0,0,0,0,0,0,0,0,0,0.47,0,0,0,0,0,0,0,0,0,0,0,0,0.137,0,0.068,0,0,3.195,21,147,0
0,1.28,0,0,0,0,0,0,0,0,0,1.28,0,0,0,0,0,0,2.56,0,1.28,0,0,0,5.12,0,0,0,0,0,0,0,0,0,0,0,0,0,0,0,0,0,0,0,0,0,0,0,0,0.196,0,0,0,0,1.952,10,41,0
0.29,0,0.29,0,0.29,0,0,0,0,0,0,0,0.29,0,0,0,0.29,0,0,0,1.75,0,0,0,2.63,0,0,0,0,0,0,0,0,0,0,0.58,0,0,0,0,0,0,0,0.58,0,0,0,0,0,0.108,0,0.072,0,0,2.847,60,242,0
0.26,0,0,0,0,0,0,0,0,0.53,0,3.76,0,0,0,0,0,0,0.26,0,0,0,0,0,3.76,2.68,0,0,0,0.26,0,0,0,0,0.26,0,0,0,0,0,0,0,0,0,0,0,0,0,0,0.55,0,0.045,0,0,1.837,11,158,0
0,0,0,0,0,0,0,0,0,0,0,0.91,0,0,0,0,0.91,0,2.75,0,0,0,0,0,1.83,0,0,0,0,0,0,0,0,0,0,0,0.91,0,0,0,0,0.91,0,0,0,0,0,0,0.301,0,0,0.301,0,0,1.942,8,68,0
0,0,0,0,0,0,0,0,0,0,0,0,0,0,0,0,0,0,0,0,0,0,0,0,0,0,0,0,0,0,0,0,0,0,0,0,0,0,0,0,7.14,0,0,0,0,7.14,0,0,0,0,0,0,0,0,5.5,10,11,0
0,0,0,0,0,0,0,0,0,0,0,3.22,0,0,0,0,0,0,0,0,0,0,0,0,0,0,0,0,0,0,0,0,0,0,0,0,0,0,0,0,3.22,0,0,0,0,3.22,0,0,0,0.526,0,0,0,0,1.571,3,11,0
0,0,4,0,0,0,0,0,0,0,0,0,0,0,0,0,0,0,4,0,0,0,0,0,0,0,4,0,0,0,0,0,0,0,0,0,0,0,0,0,0,0,0,0,0,0,0,0,0,0,0,0.613,0,0,1,1,14,0
0,0,0,0,0,0,0,0,0,0,0,0,0,0,0,0,0,0,4.34,0,8.69,0,0,0,0,0,4.34,0,0,0,0,0,0,0,0,0,0,0,0,0,0,0,0,0,0,0,0,0,0,0,0,3.048,0,0,1,1,8,0
0,0,1.02,0,0,0,0,0,0,0,0,0,0,0,0,0,0,0,0,0,0,0,0,0,0,0,0,1.02,0,0,0,0,0,0,1.02,0,1.02,0,0,0,0,0,0,0,0,0,0,0,0,0.167,0,0,0,0,2.195,17,90,0
0,0,0,0,0,0,0,0,0,0,0,1.75,0,0,0,0,0,0,2.63,0,3.5,0,0,0,0,0,0,0,0,0,0,0,0,0,0,0,0,0,0,0,0,0,0,0,0,0,0,0,0,0,0,0,0,0,1.235,5,21,0
0,0,0.78,0,0,0,0,0,0,0,0,0.78,0,0,0,0,0,0,1.56,0,0,0,0,0,0,0,0,0,0,0,0,0,0,0,0,0,0,0,0,0,0,0,0,0,0,0,0,0.78,0.145,0,0,0.725,0,0,1.187,4,19,0
0.11,0,0.11,0,0.11,0.11,0,0,1.03,0,0,0.34,0,0,0,0,0,0,0.45,0,0.22,0,0,0,0.57,0.68,0.11,0,0,0,0,0,0.34,0,0,0,0.22,0,0,0,0,0,0,0,0,0,0,0,0.078,0.171,0.031,0,0.031,0,3.407,41,535,0
0.67,0,0,0,1.01,0,0,0,0,0,0,0.67,0.67,0,0,0,0,0,1.35,0,1.68,0,0,0,0.33,0.33,0,0,0,0,0,0,0,0,0,0,0.67,0,0,0,0,0.67,0,0,0.33,0,0,0.33,0.097,0.048,0,0.048,0,0,2.326,22,107,0
0.02,0,0.15,0,0.24,0.31,0,0.04,0.22,0,0.02,0.08,0,0,0.02,0,0,0.02,0.08,0,0.06,0,0,0,0.44,0.47,0.02,0,0,0,0,0,0.11,0,0,0,0,0.02,0,0,0,0.02,0,0,0,0,0,0,0.185,0.15,0.044,0,0.006,0,2.838,52,2078,0
0.51,0,0.51,0,0,0.51,0,0,0,0,0,0.51,0,0,0,0,0,0,0.51,0,1.02,0,0,0,0,0,0,0,0,0,0,0,0,0,0,0,0.51,0,0.51,0,0.51,0,1.02,0,0,0.51,0,0,0,0.161,0.08,0.08,0,0,1.885,12,66,0
0,0,0.65,0,0.32,0,0,0,0,0,0,0.32,0,0,0,0,0,0,0,0,0,0,0,0,0,0,0,0,0,0,0,0,0,0,0,0,0,0,0,0,0,0,0,0,0,0,0,0,0,0.061,0.061,0.061,0,0,1.392,11,71,0
0,0,0.1,0,0.1,0.1,0.2,0.2,0.1,0,0,0.2,0.1,0.2,0,0,0,0,0,0,0,0,0,0,3,0,0,0,0,0,0,0,0,0,0,0.31,0,0,0,0,0,0,0,0,0,0,0,0.2,0.013,0.097,0,0,0.027,0,2.214,22,423,0
0,0,0.23,0,0.23,0,0,0,0.23,0,0,0,0,1.43,0,0,0.23,0,0.23,0,2.14,0,0,0,0.23,0,0,0,0,0,0,0,0,0,0,0,0.23,0,0,0,0,1.9,0,0,0,0,0,0,0.117,0.235,0,0.117,0,0.164,2.616,160,683,0
0,0,0,0,0,0,0,0,0,0,0,0,0,0,0,0,3.15,0,0,0,0,0,0,0,4.5,1.8,0,0,0,2.7,0,0,0,0,0,0,0,0,0,0.45,0,0,0,0,0,0,0,0,0.557,0,0,0.123,0,0,2.063,34,130,0
0,0,0,0,0,0,0,0,0,0,0,0,0,0,0,0,0,0,4,0,0,0,0,0,4,0,0,0,0,0,0,0,0,0,0,0,0,0,0,0,0,0,0,0,0,0,0,0,0,0.751,0,0,0,0,2,4,10,0
0,0.16,0.32,0,0.16,0,0,0.16,0.16,0,0,0,0,0,0.16,0,0,0,0,0,0,0,0,0,0.96,0.48,0.16,0,0,0,0,0,0,0,3.21,0,0.16,0,0,0,0,0.96,0,0,0.32,0.16,0.16,0,0,0.124,0,0,0,0.11,4.771,63,1064,0
0,0.54,0,0,0.54,0,0,0,0,0,0,0,0,0,0,0,0,0,0,0,0,0,0,0,0.54,0.54,0,0,0,0,0,0,0,0,0,0,0,0,0,0,0,0,0,0,1.09,0,0,0,0,0.182,0.091,0.091,0,0,1.212,5,40,0
0,0.37,0,0,0,0,0,0,0,0,0,0,0.37,0,0,0,0,0,1.51,0,0,0,0,0,5.68,4.16,0,0,0,0,0,0,0,0,0,0,0,0,0,0,0,0,0,0,0,0,0,0,0.065,0.261,0,0,0,0,1.114,5,39,0
0,0,0,0,0,0,0,0,0,0,0,0,0,0,0,0,0,3.57,0,0,0,0,0,0,7.14,3.57,0,3.57,0,3.57,3.57,0,0,0,3.57,3.57,0,0,0,0,0,0,0,0,0,0,0,0,0,0.24,0,0.24,0,0,1.687,10,27,0
0.3,0,0,0,0,0,0,0,0,0,0,0.61,0,0,0,0,0,0,0.3,0,0,0,0,0,0.3,0,0,0,0,0.3,0,0,0.3,0,0,0,0,0,0.3,0,0,0,0,0,0,0,0,0,0,0,0,0,0,0,1.426,6,97,0
0,0,0,0,0,0,0,0,0,0,0,0,0,0,0,0,0,2.77,0,0,0,0,0,0,5.55,2.77,0,2.77,0,2.77,2.77,0,0,0,2.77,2.77,0,0,0,0,0,0,0,0,0,0,0,0,0,0.218,0,0.218,0,0,1.687,10,27,0
0,0,0,0,0,0,0,0,0,0,0,3.92,0,0,0,0,0,0,0,0,0,0,0,0,1.96,1.96,0,0,0,0,0,0,0,0,0,0,0,0,0,0,0,0,0,0,0,0,0,0,0.303,0.303,0,0,0,0,1.6,9,24,0
0,0,0,0,0,0,0,0,0,0,0,0,0,0,0,0,0,0,0,0,0,0,0,0,3.7,3.7,3.7,0,0,0,0,0,0,0,0,0,0,0,0,0,0,0,0,0,0,0,0,0,0,0,0.645,0,0,0.645,2.888,8,26,0
0,0,0,0,0.74,0,0,0,0,0,0,0,0,0,0,0,0,0,0.74,0,0,0,0,0,2.22,0.74,0,0,0,0,0,0,0,0,0,0,0.74,0,0,0,0,0,0,0,0,0,0,0,0,0.414,0,0.31,0.103,0,2.034,11,59,0
0,0,0.06,0,0.89,0.13,0,0.2,0,0,0,0.13,0.06,0,0,0,0.96,0,0,0,0,0,0,0,1.1,0,0,0,0,0,0,0,0,0,0,0,0.13,0.06,0,0,0,0.06,0,0,0.34,0,0,0,0.018,0.047,0,0,0.085,0,2.924,52,617,0
0,1.35,0.19,0,0,0,0,0,0,1.74,0,0.19,0,0,0,0,0,0,0,0,0.38,0,0,0,2.32,0.96,0,0,0,0,0,0,0,0,0.58,1.16,0.38,0,0,0,0,0,0.19,0,0,0,0,0.58,0,0.337,0,0,0,0,3.937,44,693,0
0.07,0,0.15,0,1.53,0.15,0,0.46,0,0,0.07,0.46,0.46,0,0,0,0.07,0,0.76,0,0.38,0,0,0,0.69,0,0,0,0,0,0,0,0,0,0,0,0.15,0,0,0,0,0.07,0,0,0.61,0,0,0,0,0.022,0,0,0.033,0,1.705,36,220,0
0,0,0,0,0,0,0,0,0,0,0,0,0,0,0,0,0,0,0,0,0,0,0,0,0,0,0,0,0,0,0,0,0,0,0,0,0,0,0,0,0,0,0,0,0,0,0,0,0,0,0,1.886,0,0,1.375,4,11,0
0,0,0,0,0.69,0,0,0,0,0,0,1.38,0,0,0,0,0,0,0.69,0,0.69,0,0,0,1.38,0,0,0,0,0,0,0,0,0,0,1.38,0,0,0,0,0,0,0,0,0,0,0,0,0,0,0,0,0.08,0,2.488,15,112,0
0,0,0,0,0,0,0,0,0,0,0,0,0,0,0,0,0,0,0,0,0,0,0,0,0,0,0,0,0,0,0,0,0,0,0,0,0,0,0,0,0,0,0,0,0,0,0,0,0,0,0,0,0,0,2,3,4,0
0,0,0,0,0,0,0,0,0,0,0,1.07,0,0,0,0,0,0,1.07,0,0,0,0,0,0,0,0,0,0,0,0,0,2.15,0,0,0,0,0,0,0,0,0,0,3.22,0,0,0,0,0,0,0,0,0,0,1.416,6,68,0
0,0,0,0,0,0,0,0,0.91,0,0,0.3,0,0,0,0,0,0,0,0,0,0,0,0,0,0,0,0,0,0,0,0,0,0,0.3,0,0,0,0,0,0,0,0,0,0,0,0,0,0.109,0.254,0,0,0,0,3.606,119,357,0
0,0,0,0,0,0,0,0,0,0,0,0.93,0,0,0,0,0,0,2.34,0,0,0,0,0,0.93,0,0,0,0,0.46,0,0,0,0,0,0,0,0,3.75,0,0,0,0,0,0,0,0,0,0,0.438,0,0,0,0,2.448,37,120,0
0,0,0,0,0,0.25,0,1,0,0,0,0.25,0,0,0,0,0,0.25,0,0,0,0,0,0,0.75,0.25,0,0,0,1,0,0,0,0,0,0.25,1.25,0,0,0,0,0,0,0,0,0.5,0,0,0,0.153,0,0,0,0,1.958,26,329,0
0.11,0.05,0.22,0,0.22,0.05,0,0,0.05,0.11,0.11,0.56,0.05,0,0,0.11,0.16,0,1.35,0,0.73,0,0,0,1.69,1.3,0,0.05,0,0.11,0.16,0,0.05,0,0.33,0.05,0.33,0,0,0.05,0,0.11,0,0.11,0.05,0,0,0.05,0.025,0.085,0,0.042,0,0,2.031,22,971,0
0,0,0,0,0,0,0,0,0.14,0,0,0.43,0,0,0,0,0.14,0,0,0,0.14,0,0,0,0.14,0.57,0,0,0,0,0,0,0.14,0,0,0.43,0,0,0,0,0,0,0,0,0,0,0,0.14,0.058,0.156,0,0,0,0,1.687,24,496,0
0,0,0,0,0,0,0,0,0.29,0,0,0,0,1.75,0,0,0.29,0,0.29,0,0.29,0,0,0,0.29,0,0,0,0,0,0,0,0,0,0,0,0.29,0,0,0,0,1.75,0,0,0,0,0,0,0.156,0.052,0,0.052,0,0.235,2.721,38,566,0
0,1.36,0,0,0.45,0,0,0,0,0,0,0,0,0,0,0,0,0,1.36,0,0,0,0,0,4.54,0,0,0,0,0,0,0,0,0,0.45,0,0.9,0,0.45,0,0,1.81,0.45,0,0,1.36,0,0,0.069,0.069,0,0,0,0,2.186,15,164,0
0,2.4,0,0,0.8,0,0,0,0,0,0,0,0,0,0,0,0,0,2.4,0,0,0,0,0,1.6,0,0,0,0,0,0,0,0,0,0,0,0.8,0,0,0,0,1.6,0,0,0,0.8,0,0,0.12,0,0,0,0,0,1.696,15,56,0
0,0,0,0,0,0,0,0,0,0,0,0,0,0,0,0,0,0,0,0,0,0,0,0,0,0,0,0,0,0,0,0,0,0,0,0,0,0,0,0,7.14,0,0,0,0,7.14,0,0,0,0,0,0,0,0,5.5,10,11,0
0,0,0,0,0,0,0,0,0,0,0,0,0,0,0,0,0,7.69,0,0,0,0,0,0,0,0,0,0,0,0,0,0,0,0,0,0,0,0,0,0,0,0,0,0,0,0,0,0,0,0,0,0,0,0,1,1,4,0
0,0,0.1,0,0,0,0,0,0,0.1,0.1,0.96,0.1,0,0,0,0,0,0,0,0,0,0,0,3.52,0.1,0,0,0,0,0,0,0.74,0,0,0.1,0.21,0.1,0,0,0,0,0,0,0,0,0,0,0.014,0.117,0,0,0,0,2.204,24,496,0
0,0,0,0,0,0,0,0,0,0,0,0,0,0,0,0,0,0,0,0,0,0,0,0,0,0,0,0,0,0,0,0,0,0,0,0,0,0,0,0,7.14,0,0,0,0,7.14,0,0,0,0,0,0,0,0,5.5,10,11,0
0,0,0,0,0,0,0,0,0,0,0,1.01,0,0,0,0,0,0,0,0,1.01,0,0,0,1.01,0,0,0,0,0,0,0,0,0,2.02,1.01,0,0,1.01,0,0,0,0,0,0,0,0,0,0,0,0,0,0,0,3.108,25,115,0
0,0,0,0,0.68,0,0,0,0,0,0,0.34,0,0,0,0,0,0,0.34,0,2.04,0,0,0,0,0,0,0,0,0,0,0,0,0,0,0,0,0,0,0,0,0,0.34,0,0,0,0,0,0,0.051,0,0,0,0,1.062,4,137,0
0,0,0,0,0.14,0,0,0.14,0,0,0,0.73,0,0,0,0,0,0,0.14,0,0,0,0,0,2.48,1.6,0,0,0,0.14,0,0,0,0,0,0,1.16,0,0.29,0,1.16,0,0,0,0.14,3.07,0,0,0.144,0.433,0.082,0.02,0,0,4.113,52,654,0
0,0,0,0,0,0,0,0,0,0,0,4.54,0,0,0,0,0,0,0,0,0,0,0,0,0,0,0,0,9.09,0,0,0,0,0,0,0,0,0,0,0,0,9.09,0,0,0,0,0,0,0,0,0,0,0,0,1.666,4,15,0
0,0,0,0,0,0,0,0,0,0,0,0,0,0,0,0,0,2.17,0,0,0,0,0,0,4.34,2.17,0,4.34,0,2.17,0,0,0,0,0,0,0,0,0,0,0,0,0,0,0,0,0,0,0,0.529,0,0,0,0,4,11,68,0
0,0,0,0,0,0,0,0,0,0,0,0,0,0,0,0,0,0,0,0,0,0,0,0,0,0,0,0,0,0,0,0,0,0,0,0,0,0,0,0,0,0,0,0,0,0,0,0,0,0.163,0,0,0,0,1.5,5,24,0
0,0,0,0,0.26,0.26,0,0,0,0.26,0,0.26,0,0,0,0.26,0,0,2.08,0,2.6,0,0,0,0.26,0,0,0,0,0,0.26,0,0,0,0,0,0,0,0,0,0,0,0.26,0,0.26,0,0,0,0.037,0,0,0,0,0,2.545,18,168,0
0.31,0,0,0,0,0,0,0,0,0,0,0.62,0,0,0,0,0,0,0.31,0,0,0,0,0,0.31,0,0,0,0,0.31,0,0,0.31,0,0,0,0,0,0.31,0,0,0,0,0,0,0,0,0,0,0,0,0,0,0,1.446,6,94,0
0,0,0,0,0,0,0,0,0,0,0,0.96,0,0,0,0,0,0,1.44,0,0.48,0,0,0,2.89,0,0,0,0,0,0,0,0,0,0,0,0.48,0,0.48,0,0,0,0.48,0,0,0,0,0.48,0,0.371,0.074,0.074,0,0,2.534,18,185,0
0.32,0,0,0,0,0,0,0,0,0.64,0,3.23,0,0,0,0,0,0,0.32,0,0,0,0,0,3.88,2.58,0,0,0,0.32,0,0,0,0,0.32,0,0,0,0,0,0,0,0,0,0,0,0,0,0,0.492,0,0,0,0,1.89,11,138,0
0,0,0,0,0,0,0,0,0,0,0,0,0,0,0,0,0,0,0,0,0,0,0,0,0,0,0,0,0,0,0,0,0,0,0,0,0,0,0,0,7.14,0,0,0,0,7.14,0,0,0,0,0,0,0,0,5.5,10,11,0
0.15,0.1,0,0,0.3,0.15,0,0.3,0,0,0,0.6,0,0,0,0,0,0,2.06,0,0.85,0,0.05,0,0.2,0,0,0,0,0,0,0,0.25,0,0.15,0,0.35,0,0,0,0,0,0,0.05,0,0,0,0,0.073,0.234,0,0.073,0,0,2.206,49,1026,0
0,0,0,0,0,0,0,0,0,0,0,1.85,0,0,0,0,0,0,0,0,0,0,0,0,0,0,0,0,0,0,0,0,0,0,0,0,0,0,0,0,0,0,0,0,0,0,0,0,0,0,0,0,0,0,1.142,3,16,0
0,0,0,0,0,0.27,0,0,0,0.27,0,0.27,0,0,0,0.27,0,0,2.18,0,2.73,0,0,0,0.27,0,0,0,0,0,0.27,0,0,0,0,0,0,0,0,0,0,0,0,0,0,0,0,0,0,0,0,0,0,0,2.593,18,166,0
0.07,0,0.15,0,0.09,0.05,0,0.03,0.05,0.05,0,0.41,0.03,0,0,0.01,0.09,0.13,0.03,0.01,0.07,0,0.01,0,0,0,0.03,0,0.01,0,0,0,1.21,0,0,0.07,0.95,0,0.01,0.11,0.13,0.01,0,0,0,0.39,0.03,0.51,0.042,0.173,0.002,0.008,0.005,0.002,2.145,71,2954,0
0.16,0.08,0,0,0,0,0,0,0.16,0.33,0,0.67,0,0,0.08,0,0.5,0.33,0.58,0.16,0.42,0,0,0.08,1.34,0.58,0,0,0,0.08,0,0,0,0,0,1.09,1.34,0,0.16,0,0,0,0,0.08,0,0,0,0,0.084,0.408,0.06,0,0.012,0,4.179,104,1655,0
1,0,2,0,0,0,0,0,0,0,0,1,0,0,0,0,0,0,5,0,1,0,0,0,0,0,0,0,0,0,0,0,0,0,0,0,0,0,0,0,0,0,0,0,0,0,0,0,0.17,0,0,0.17,0,0,1.692,4,22,0
0,0,1.17,0,0,0,0,0,0,0,0,0,0,0,0,0,0,0,0,0,0,0,0,0,4.7,2.35,0,0,0,0,0,0,0,0,0,0,1.17,0,0,0,0,0,1.17,0,0,0,0,0,0,0,0.193,0,0,0,1.974,16,77,0
0,0,1.06,0,0,0.35,0,0,0,0,0,2.13,0,0,0,0,0.71,0,0.71,0,0,0,0,0,4.62,0,0,0,0.35,1.06,0,0,0,0,0,0.35,0.35,0,0.35,0,0,0,0.35,0,0.71,0,0,0,0,0.055,0.055,0,0,0,2.239,17,206,0
0,0,0,0,0,0,0,0,0,0,0,0,0,0,0,0,0,3.57,0,0,0,0,0,0,7.14,3.57,0,3.57,0,3.57,3.57,0,0,0,3.57,3.57,0,0,0,0,0,0,0,0,0,0,0,0,0,0.239,0,0.239,0,0,1.687,10,27,0
0,0,2,0,0,0,0,0,0,0,0,0,0,0,0,0,0,2,0,0,0,0,0,0,4,2,0,2,0,2,2,0,0,0,2,2,0,0,0,0,0,0,0,0,0,0,0,0,0,0.18,0,0,0,0,1.611,10,29,0
0.23,0,0,0,0,0.23,0,0,0,0,0,0.92,0.46,0,0,0,0,0,2.76,0,2.76,0,0,0.69,0,0,0,0,0,0,0,0,0.46,0,0,0,0,0,0,0,0,0,0,0,0,0,0,0,0,0.445,0,0.202,0.121,0,1.945,7,142,0
0,0,0,0,0,0,0,1.78,0,0,0,0,0,0,0,0,0,0,0,0,0,0,0,0,0,0,0,0,0,0,0,0,0,0,0,0,1.78,0,0,0,0,0,3.57,0,0,0,0,0,0,0,0,0,0,0,1.666,7,15,0
0,0,0,0,0,0,0,0,0,0,0,0,0.89,0,0,0,0,0,0,0,0,0,0,0,0,0,0,0,0,0.89,0,0,0,0,0,0,1.78,0,0,0,0.89,0,0,0,0,0.89,0,0,0,0.269,0.269,0,0,0,2.27,16,84,0
0,0,0,0,0,0,0,0,0,0,0,1.72,0,0,0,0,0,0,3.44,0,1.72,0,0,0,0,1.72,0,0,0,0,0,0,0,0,0,0,0,0,1.72,0,0,0,0,0,0,0,0,0,0,0,0,0,0,0,2.058,5,35,0
0,0,0,0,0,0,0,0,0,0,0,2.32,0,0,0,0,0,0,1.16,0,1.16,0,0,0,0,0,0,0,0,0,0,0,0,0,0,0,0,0,0,0,0,0,0,0,0,0,0,1.16,0,0.744,0,0.148,0,0,1.972,18,71,0
0,0,0,0,0,0,0,0,0,1.36,0,0,0,0,1.36,0,0,0,0,0,0,0,0,0,1.36,1.36,0,0,0,0,0,0,1.36,0,0,0,1.36,0,0,0,0,0,1.36,0,0,0,0,0,0,0.404,0.202,0,0,0,3.533,17,53,0
0,0,0,0,0,0,0,0,0,0,0,0,0,0,0,0,0,0,0,0,0,0,0,0,0,0,0,0,0,0,0,0,0,0,0,0,1.35,0,0,0,0,0,0,0,0,0,0,0,0,1.169,0,0,0,0,2.533,21,76,0
0,0,1.18,0,0,0,0,0,0.59,0,0,0,0,0,0,0,0,0,1.77,0,1.77,0,0,0,0,0,0,0,0,0,0,0,0,0,0,0,0.59,0,0,0,0,0,0,0,0,0,0,0,0,0,0,0.313,0.313,0,7.588,66,129,0
0,0,0,0,0,0.57,0,0,0,0,0,1.73,0,0,0,0,1.15,0,0.57,0,0,0,0,0,2.31,0,0,0,0.57,1.73,0,0,0,0,0,0.57,0,0,0,0,0,0,0,0,0.57,0,0,0,0,0.086,0,0,0,0,1.5,5,72,0
0,0,0,0,0,0,0,0,0.62,0,0,0.2,0,0,0,0,0,0,0,0,0,0,0,0,3.34,2.3,0,0,0,0,0,0,0,0,0.2,0,0.62,0,0.2,0,0,0,0.41,0,0,0,0,0,0.085,0.198,0.056,0,0,0.454,3.414,108,536,0
0,0,0,0,0,0,0,0,0,0,0,0,0,0,0,0,0,0,0,0,0,0,0,0,0,0,0,0,0,0,0,0,0,0,0,0,1.96,0,1.96,0,0,0,0.98,0,0,0,0,0.98,0,0.377,0,0.125,0,0,2.925,27,158,0
0,0,0.25,0,0,0.25,0.5,0.25,0,0,0,0,0,0,0,0,0,0,1.25,0,0.25,0,0,0,0,0,0,0,0,0,0,0,0,0,0,0,0,0,0,0,0,0,0,0,0.25,0,0,0,0,0.18,0,0.045,0,0,1.324,5,98,0
0.05,0,0.45,0,0.16,0.11,0,0,0.62,0,0,0.16,0,0,0,0,0,0.05,0.22,0,0.16,0,0,0,0.62,0.67,0.05,0,0,0,0,0,0.9,0,0,0,0.67,0,0,0,0,0,0,0,0,0,0,0,0.121,0.162,0.04,0,0.016,0,2.887,45,875,0
0,0,0.35,0,0.35,0.71,0,0,0,0,0,0.71,0,0,0,0,0,0,0.71,0,0.35,0,0,0,0,0,0,0,0,0,0,0,0.35,0,0,0,0.35,0,0.35,0,0,0,0.35,0,0.35,0,0,0,0,0.124,0,0.372,0,0,1.641,12,110,0
0.25,0.25,0,0,0.25,0,0.25,0,0,0.25,0.25,0,0.25,0,0,0.25,0,1.02,2.05,0,2.31,0,0,0,0,0,0,0,0,0,0,0,0,0,0,0,0,0,0,0,0.25,0,0,0,0.51,0.25,0,0,0,0,0,0.413,0,0.165,1.78,13,146,0
0,0,0,0,0,0,0,0,0,0,0,0,0,1.26,0,0,0,0,0,1.26,0,0,0,0,0,0,0,0,0,0,0,0,0,0,0,0,0,0,0,0,0,0,0,1.26,0,0,0,0,0,0.214,0,0.214,0,0,1.263,4,24,0
0,0,0,0,0,0,0,0,0,0,0,1.38,0,0,0,0,0,0,1.38,0,1.38,0,0,0,1.38,1.38,2.77,0,0,0,0,0,0,0,0,0,1.38,0,1.38,0,0,0,1.38,0,0,0,0,0,0,0,0.224,0.448,0,0,1.451,12,45,0
0,0,0,0,0,0,0,0,0,0,0,0,0,0,0,0,0,0,0,0,0,0,0,0,0,0,0,0,0,0,0,0,0,0,0,0,0,0,0,0,0,0,0,0,0,0,0,0,0,0,0,1.234,0,0,3,5,15,0
0,0,0,0,0,0,0,0,0,0,0,1.52,0,0,0,0,0,0,0.76,0,0,0,0,0,0,0,0,0,0,0,0,0,0,0,0,0,0,0,0,0,0.76,0,0,0,0,0.76,0,0,0,0.118,0,0,0,0,1.735,10,59,0
0,0,0,0,0,0,0,0,0,0,0,2.77,0,0,0,0,0,0,0,0,0,0,0,0,0,0,0,0,0.92,0,0,0,0,0,0,0,0.92,0,0,0,0,0.92,0,0,0,0,0,0,0,0.165,0,0.165,0,0,1.666,7,45,0
0,0,0,0,0,0,0,0,0,0,0,0,0,0,0,0,0,0,0,0,0,0,0,0,0,0,0,0,0,0,0,0,0,0,0,0,0,0,0,0,0,0,0,0,0,0,0,0,0,0,0,0,0,0,1.5,3,6,0
0,0,0,0,0,0,0,0,0,0,0,0,0,0,0,0,0,0,0,0,0,0,0,0,0,0,0,0,0,0,0,0,0,0,0,0,1.42,0,1.42,0,0,0,0,0,0,0,0,1.42,0,0.361,0,0,0,0,2.025,7,81,0
0,0,0,0,0,0,0,0,0,0.42,0,0.42,0,0,0,0,0,0,3.4,0,0.42,0,0,0.42,1.27,0.85,0,0.85,0,0.42,0,0,0,0,0,0,0,0,0,0,0,0,0,0.42,0,0,0,0,0,0.155,0,0,0,0,2.555,11,92,0
0,0,0,0,0,0,0,0,0,0,0,0,0,0,0,0,0,0,1.92,0,0,0,0,0,0,0,0,0,0,0,0,0,0,0,0,0,0,0,0,0,0,0,0,0,0,0,0,0,0,0,0,0,0,0.38,2.307,9,30,0
0,0,0,0,0,0,0,0,0,0,0,0,0,0,0,0,0,0,1.36,0,0,0,0,0,0,0,1.36,0,0,0,0,0,0,0,0,0,0,0,0,0,0,0,0,0,0,0,0,0,0,0,0,0,0,0,1,1,17,0
0,0,0,0,0,0,0,0,0,0,0,0,0,0,0,0,0,0,4,0,0,0,0,0,0,0,0,0,0,0,0,0,0,0,0,0,0,0,4,0,0,0,0,0,0,0,0,0,0,0,0,0.724,0,0,2.285,8,16,0
0,0,0,0,0,0,0,0,0,0,0,1.4,0,0,0,0,0.7,0,1.4,0,1.4,0,0,0,0,0,0.7,0,0,0,0.7,0,0,0,0,0,0,0,0,2.11,0,0,0,0,0,0,0,0,0,0.266,0.066,0,0,0,18,200,378,0
0,0,0,0,0,0,0,0,0.14,0,0,0.43,0,0,0,0,0.14,0,0,0,0.14,0,0,0,0.14,0.57,0,0,0,0,0,0,0.14,0,0,0.43,0,0,0,0,0,0,0,0,0,0,0,0.14,0.058,0.156,0,0,0,0,1.566,13,462,0
0,0,0.13,0,0.26,0,0,0.65,0.13,0,0,0.78,0.26,0,0,0,0.13,0,0,0,0,0,0.13,0,1.69,0,0,0,0,0,0,0,0,0,0,0,0.13,0,0,0,0,0,0,0,0,0,0,0.13,0,0.105,0,0,0.052,0,2.165,20,446,0
0.62,0,0,0,0,0,0,0,0,0,0,0,0,0,0,0,0,0,0,0,0,0,0,0,0,0,0,0,0,0,0,0,0,0,0,0.62,0,0,0,0,0,0,0,0,0,0,0,0,0,0.286,0,0,0,0,1.461,4,38,0
0.67,0,0,0,0,0,0,0,0,0,0,0,0.33,0,0,0,0,0,1.01,0,0.33,0,0,0,0,0,0,0,0,0,0,0,0,0,0,0,0,0,0,0,0,1.34,0,0,0,0,0,0,0,0.055,0,0,0,0,1.644,13,74,0
0.42,0,0,0,0,0,0,0,0,0.42,0,0.42,0.42,0,0,0,0,0,0.42,0,0.42,0,0,0,1.28,2.57,0,0,0,0.42,0,0,0.42,0,0,0.42,0.42,0,0,0,0,0,0,0,0,0,0,0,0,0,0,0.151,0,0,1.533,9,69,0
0,0,1.96,0,0,0,0,0,0,0,0,0,0,0,0,0,0,1.96,0,0,0,0,0,0,3.92,1.96,0,3.92,0,1.96,0,0,0,0,0,0,0,0,0,0,0,0,0,0,0,0,0,0,0,0.475,0,0,0,0,2.95,11,59,0
0,0,0.48,0,0,0,0,0,0,0,0,0,0,0,0,0,0.48,0,0,0,0,0,0,0,0.96,1.93,0,0,0,0.48,0,0,0,0,0,0.96,0.48,0,0,0,0,0,0,0,0.48,0,0,0,0,0,0,0,0,0,1.353,7,88,0
0,0,1.66,0,0,0,0,0,0,0,0,0,0,0,0,0,0,1.66,1.66,0,0,0,0,0,3.33,1.66,0,1.66,0,1.66,1.66,0,0,0,1.66,1.66,0,0,3.33,0,0,0,0,0,0,0,0,0,0,0.167,0,0.167,0,0,1.533,10,46,0
0,0,0,0,0,0,0,0,0,0,0,0.81,0,0,0,0,0,0,0.81,0,0,0,0,0,2.45,2.45,0,0,0,0,0,0,0,0,0,0,0,0,0,0,0,0,0,0,0,0,0,0,0.12,0.12,0,0,0,0,2.473,11,47,0
0,0,0,0,0,0,0,0,0,0,0,2.15,0,0,0,0,0,0,1.07,0,0,0,0,0,5.37,1.07,0,0,3.22,0,1.07,0,0,0,0,0,1.07,0,0,0,0,3.22,1.07,0,0,0,0,0,0,0.388,0.194,0,0,0.194,2.666,13,104,0
0.06,0,0.19,0,0.06,0.06,0,0,0,0.13,0,0.26,0.06,0,0,0,0,0,0.52,0,0.46,0,0,0,2.57,0.92,0,0.06,0.13,0.52,0.32,0,0.06,0,0.26,0.13,0.32,0,0.26,0,0,0,0,0,0.06,0,0,0.13,0.009,0.152,0,0.047,0.028,0,1.948,23,836,0
0,0,0,0,0,0,0,0,0,0,0,5.12,0,0,0,0,0,0,2.56,0,0,0,0,0,0,0,0,0,5.12,0,0,0,0,0,0,0,0,0,0,0,0,5.12,0,0,0,0,0,0,0,0.5,0,0,0,0,2.266,7,34,0
0,0,0,0,0,0,0,0,0,0,0.38,0.19,0,0,0,0,0,0,1.33,0,0.38,0,0,0,0.19,0,0,0,0,0,0,0,0,0,0,0,0,0,0,0.19,0,0,0,0,0,0,0,0,0,0.154,0,0.03,0,0.03,2.852,12,388,0
0,0,0,0,0,0,0,0,0,0,0,0,0,0,0,0,0,0,0,0,0,0,0,0,9.09,4.54,4.54,4.54,4.54,4.54,4.54,4.54,0,4.54,4.54,4.54,0,0,0,4.54,0,0,0,0,0,0,0,0,0,1.169,0,0,0,0,3.1,11,31,0
0,0,0,0,0,0,0,0,0,0,0,0,0,0,0,0,0,0,0,0,0,0,0,0,0,0,25,0,0,0,0,0,0,0,0,0,0,0,0,0,0,0,0,0,0,0,0,0,0,0,0,0,0,0,1,1,4,0
0,0,0,0,2.43,0,0,0,0,0,0,0,0,0,0,0,0,0,2.43,0,0,0,0,0,0,0,2.43,0,0,0,0,0,0,0,0,0,0,0,0,0,0,0,0,0,0,0,0,0,0,0.442,0,0,0,0,1.2,3,12,0
0,0,0,0,0,0,0,0,0,0,0,0,0,0,0,0,0,0,0,0,0,0,0,0,0,0,0,0,0,0,0,0,3.44,0,0,0,0,0,0,0,0,0,0,0,0,0,0,0,0,0,0,0,0,0,1.5,6,66,0
0,0,0,0,0,0,0,0,0,1.4,0,0,0,0,0,0,0,0,0,0,0,0,0,0,0,0,1.4,0,0,0,0,0,1.4,0,0,0,0,0,0,0,0,0,0,0,0,0,0,0,0,0.22,0.22,0,0,0,3.875,28,93,0
0.22,0,0.22,0,0.67,0,0,0,0.22,0,0,0,0.22,1.34,0,0,0.44,0,0.67,0,1.56,0,0,0,0.44,0,0,0,0,0,0,0,0,0,0,0,0,0,0,0,0,2.23,0,0,0,0,0,0,0,0.156,0,0.134,0,0.156,3.08,121,693,0
0,0,0,0,0,0,0,0,0,0,0,0,0,0,0,0,0,0,0,0,0,0,0,0,2,0,0,0,0,0,0,0,0,0,0,1,0,0,0,0,0,0,0,0,0,0,0,0,0,0,0,0.161,0,0,1.25,3,15,0
0,0,0,0,0.69,0,0,0,0,0,0,0,0,0,0,0,0,0,0.69,0,0,0,0,0,2.08,0.69,0,0,0,0,0,0,0,0,0,0,0.69,0,0,0,0,0,0,0,0,0,0,0,0,0.284,0,0.284,0.094,0,2,11,60,0
0.13,0,0.13,0,0.13,0,0,0,1.18,0,0,0.52,0,0,0,0,0,0,0.52,0,0.26,0,0,0,0.65,0.79,0.13,0,0,0,0,0,0.52,0,0,0,0,0,0,0,0,0,0,0,0,0,0,0,0.128,0.164,0.036,0,0.036,0,3.185,32,481,0
0.08,0,0.22,0,0.04,0,0,0,0.44,0.04,0,0.22,0.04,0,0,0,0.04,0,0.17,0,0.08,0,0,0,0.39,0.44,0.04,0,0,0,0,0,0.57,0,0,0,0.08,0.08,0,0,0,0,0.04,0.04,0,0,0,0,0.163,0.197,0.058,0,0.011,0,3.851,64,1583,0
0,0.28,0.28,0,0.86,0,0,0,0,0.28,0.28,0,0,0,0,0,0,0,2.87,0,1.72,0,0,0,0.28,0.28,0,0,0,0,0,0,0,0,0,0,0,0,0,0,0,0,0,0,0.57,0,0,0,0,0.137,0,0,0,0,1.95,15,156,0
0.09,0.04,0.04,0,0.04,0,0,0,0.66,0,0,0.33,0.04,0,0,0,0,0.04,0.19,0,0.14,0,0,0,0.62,0.66,0.04,0,0,0,0,0,0.14,0,0,0.04,0,0,0,0,0,0,0,0.09,0,0,0,0.04,0.145,0.152,0.053,0,0.013,0,3.685,85,1463,0
1.14,0,0,0,1.14,0,0,0,0,0,0,1.14,0,0,0,0,0,0,0,0,0,0,0,0,0,0,1.14,0,2.29,0,0,0,0,0,0,0,0,0,0,0,0,0,0,0,1.14,0,0,0,0,0,0,0,0,0,1.19,3,25,0
0,0,0,0,3.22,0,0,0,0,0,0,3.22,0,0,0,0,0,0,0,0,0,0,0,0,0,0,3.22,0,0,0,0,0,0,0,0,0,0,0,0,0,0,3.22,0,0,6.45,0,0,0,0,0.512,0,0,0,0,2.4,11,24,0
0.2,0,0.1,0,0,0,0,0.1,0,0,0,0.4,0.1,0,0,0,0.2,0,0,0,0,0,0.1,0,4.5,0.1,0,0,0,0,0,0,0.1,0,0,0.1,0.1,0.1,0,0,0,0.6,0,0,0,0,0,0,0.092,0.079,0,0,0.013,0,2.361,26,562,0
0,0,1.94,0,0,0,0,0,0,0.97,0,0.97,0,0,0,0,0,0,1.94,0,0,0,0,0,0.97,0.97,0,1.94,0,0.97,0,0,0,0,1.94,0,0,0,0,0,0,0.97,0,0,0,0,0,0,0,0.379,0,0,0,0,8.125,75,195,0
0,0,0,0,0,0,0,0,0,1.23,0,2.46,0,0,0,0,0,0,0,0,0,0,0,0,0,0,0,0,0,0,0,0,0,0,0,0,1.23,0,0,0,0,0,0,0,0,0,0,0,0,0.796,0,0,0,0,2.142,8,60,0
0.81,0,0.81,0,0.81,0,0,0,0,0,0,0.81,0,0,0,0,0,0,1.62,0,1.62,0,0,0,0.81,0,0,0,0,0,0,0,0,0,0.81,0,0,0,0,0,0,1.62,0,0,0,0,0,0,0,0.123,0,0.37,0,0,5.375,69,129,0
0,0,0,0,0,0,0,0,0,0,0,0,0,0,0,0,0,0,0,0,0,0,0,0,15.38,7.69,0,0,0,0,0,0,0,0,0,0,0,0,0,0,0,0,0,0,7.69,0,0,0,0,0,0,0,0,0,7,17,35,0
0.54,0,0.27,0,0,0,0,0,0.27,0.54,0,0.81,0,0,0,0,0,0.27,1.08,0,0.81,0,0,0,0.81,0.81,0,1.08,0,0.54,0,0,0.27,0,1.08,0,0,0,0,0,0,0,0,0,0,0,0.27,0,0.039,0.318,0.079,0,0,0,4.971,76,517,0
0.56,0,2.24,0,0,0.56,0,0,0,0,0,1.12,0,0,0,0,0,1.12,4.49,0,0,0,0,0,1.12,0,0,0,0.56,0,0,0,0,0,0,0,0,0,0,0,0,0,0,0,0.56,0,0,0,0.111,0.111,0,0.111,0,0,1.23,4,32,0
0.36,0,1.09,0,0,0,0,0,0,0,0,0.72,1.81,0,0,0,0,0,0.72,0,1.09,0,0,0.72,0,0,0,0,0,0,0,0,0,0,0,0,0,0,0,0,0,0,0,0,0,0,0,0,0.063,0.126,0,0.063,0.126,0,2.562,35,123,0
0,0,0,0,0,0,0,0,0,0,0,0,2.38,0,0,0,0,0,2.38,0,0,0,0,0,2.38,0,0,0,0,0,0,0,0,0,0,0,0,0,0,0,0,0,0,0,0,0,0,0,0,0,0,0,0,0,1.2,2,12,0
0,0,0,0,0,0,0,0,0,0,0,0,0,0,0,0,0,0,0,0,0,0,0,0,16.66,0,0,0,0,0,0,0,0,0,0,0,0,0,0,0,0,0,0,0,0,0,0,0,0,0,0,0,0,0,5,17,20,0
0.27,0,0.27,0,0,0,0,0,0,0,0,0.81,0,0,0,0,0,0,0.54,0,0.27,0,0,0,9.83,0.81,0.54,0.27,0.27,0.27,0.27,0.27,0,0.27,0.27,0.27,0.54,0,0.27,0.27,0,0.54,0.54,0,0.54,0,0,0,1.411,1.411,0.041,0,0,0,4.891,20,675,0
0,0,0,0,0,0,0,0,0,0,0,0,0,0,0,0,0,0,0,0,0,0,0,0,0,0,0,0,0,0,0,0,2.43,0,0,0,0,0,0,0,0,2.43,0,0,0,0,0,0,0,0,0,0,0,0,1.625,6,13,0
0.84,0,0,0,0,0,0,0,0,0,0,0.84,0,0,0,0,0,0,0.42,0,0,0,0,0,0,0,0,0,0,0,0,0,0,0,0,0,0,0,0,0,0,0,0,0.84,0,0,0,0,0.082,0.414,0,0,0,0,3.34,7,167,0
0,0,0,0,0,0,0,0,0,0,0,0,0,0,0,0,0,0,0,0,0,0,0,0,0,0,5,0,0,0,0,0,0,0,0,0,0,0,0,0,0,0,0,5,5,0,0,0,0,0,0,0,0,0,1.125,2,9,0
0,0,0,0,1.75,0,0,0,0,0.87,0,0,0,0,0,0,0,0,1.75,0,0.87,0,0,0,0.87,0.87,0.87,0,0,0,0,0,0,0,0,0,0.87,0,0.87,0,0,0,0.87,2.63,0.87,0,0,0,0.469,0,0.156,0,0,0,1.466,12,44,0
0,0,0,0,0,0,0,0,0,0,0,0,0.48,0,0,0,0,0,0,0,0,0,0,0,0.48,1.93,0,0,0.48,0,0,0,0,0,0,0,1.44,0,0,0,0,0,0,1.44,0,0,0,0,0,0.304,0,0,0.365,0,3.016,10,187,0
1.02,0,0,0,0,0,0,0,0,0,0,0,0,0,0,0,0,0,1.02,0,0,0,0,0,0,0,1.02,0,0,0,0,0,0,0,0,0,0,0,0,0,0,1.02,0,0,0,0,1.02,0,0,0.352,0,0.176,0,0,1.241,3,36,0
0,0,0,0,0,0,0,0,0,0,0,0.45,0,0,0,0,0,0,0,0,0,0,0,0,1.81,0.45,0,0,0,0.9,0,0,0,0,0,0.45,0,0,0,0,0,0,0,0,0.45,0,0,0,0,0,0,0,0,0,1.444,5,104,0
0,0,0,0,0,0,0,0,0,0,0,0,0,0,0,0,0,0,0,0,0,0,0,0,0,0,0,0,0,0,0,0,0,0,0,0,0,0,0,0,0,0,0,0,2.5,0,0,0,0,0,0,0,0,0,1.333,3,12,0
0,0,0.76,0,0.76,0,0,0,0,0,0,0,0,0,0,0,0,0,0.76,0,0,0,0,0,0.76,0,1.52,0.76,0.76,1.52,0.76,0.76,0,0.76,0.76,0.76,0.76,0,0,0.76,0,0.76,0,0,2.29,0,0,0,0,0.254,0,0.127,0,0,1.755,11,79,0
0,0,0,0,2.46,0,0,0,0,1.23,0,0,0,0,0,0,0,0,2.46,0,1.23,0,0,0,0,0,0,0,0,0,0,0,0,0,0,0,0,0,0,0,0,0,0,2.46,0,0,0,0,0.245,0,0,0,0,0,1.166,3,14,0
0,0,0,0,0,0.69,0,0,0.23,0,0,0,0,0,0,0,0,0,0,0,0,0,0,0,0.92,0.92,0,0,0,0,0,0,0.46,0,0,0,0.23,0,0.23,0.23,0,0,0.23,0,0,0.69,0,0,0.033,0,0.033,0,0,0,1.554,13,143,0
0,0,0,0,0,0,0,0,0,0,0,0,0,0,0,0,0,1.04,1.04,0,0,0,0,0,1.04,0,0,0,0,0,0,0,0,0,0,0,1.04,0,1.04,0,0,0,1.04,0,0,0,0,0,0.179,0.358,0,0.179,0,0,2.037,13,55,0
0,0,0,0,0,0,0,0,0,0,0,0,0,0,0,0,0,0,0,0,0,0,0,0,0,0,0,0,0,0,0,0,0,0,0,0,0,0,2.08,0,0,0,0,0,2.08,0,0,0,0,0.393,0,0,0,0,1.545,6,17,0
0,0,0,0,0,0,0,0,0,0,0,0,0,0,0,0,0,0,1.02,0,1.02,0,0,0,0,0,0,0,0,0,0,0,0,0,0,0,0,1.02,0,0,0,1.02,0,0,0,0,0,0,0,0,0,0,0.142,0,1.857,10,65,0
0,0,0,0,0,0,0,0,0,0,0,0,0,0,0,0,0,0,0,0,0,0,0,0,0,0,0,0,0,0,0,0,0,0,0,0,0,0,0,0,0,0,0,0,0,0,0,0,0,0,0,0,0,0,1.6,4,8,0
0.46,0,0,0,0,0,0,0,0,0,0,2.32,0.46,0,0,0,0,0.46,5.11,0,0.46,0,0,0,0.93,1.39,0,0,0.46,0,0,0,0,0,0,0,0,0,1.39,0,0,0.93,0,0,0,0,0,0,0,0,0,0.065,0,0,2,13,86,0
0,0,0.58,0,0.58,0,0,0,0,2.35,0,0,0,0,0,0,0,0,0.58,0,0,0,0,0,1.76,1.17,1.76,0.58,0.58,0.58,0.58,0.58,0,0.58,0.58,0.58,0.58,0,0,0.58,0,0,0.58,0,0.58,0,0,0,0.188,0.566,0.094,0,0,0,2.246,13,146,0
0,0,0,0,0,0,0,0,0,0.75,0,0,0,0,0,0,0,0,0,0,0,0,0,0,0,0,0.75,0,0.75,0,0,0,0.75,0,0,0,0,0,0,0,0,0,0,0,0,0,0,0,0,0.8,0.133,0,0,0.133,4.472,33,161,0
0,0,0,0,0,0,0,0,0,0.51,0,0,0,0,0,0,0,0,0.51,0,0.51,0,0,0,3.06,2.04,0.51,2.04,0.51,1.02,0.51,0.51,0,0.51,1.02,0.51,0,0,0.51,0.51,0,1.02,0,0,0.51,0,0,0,0.158,0.553,0,0,0,0,4,37,216,0
0.85,0.85,0,0,1.7,0,0,0,0,0.85,0,0.85,0,0,0,0,0,0,0,0,0.85,0,0,0,0,0.85,0,0,0,0,0,0,0,0,0,0,0,0,0,0,0,0,0,0,0,0,0,0,0,0.275,0,0,0,0,1.55,5,31,0
0,0,0.52,0,0.52,0,0,0,0,2.11,0,0,0,0,0,0,0,0,0.52,0,0.52,0,0,0,1.58,1.05,1.05,0.52,0.52,0.52,0.52,0.52,0,0.52,0.52,0.52,0.52,0,0.52,0.52,0,0,0.52,0,0.52,0,0,0,0.171,0.513,0.085,0,0,0,2.225,13,158,0
0.39,0.39,0,0,0.39,0,0,0,0,0.39,0,1.19,0,0.39,0,0,0,0,1.19,0,0,0,0,0,2.77,1.98,1.19,1.19,0.39,0.39,0.39,0.39,0,0.39,1.19,0.39,0.39,0,0,0.39,0,0.39,0.39,0,0.39,0,0,0,0.125,0.377,0.439,0,0,0,2.238,13,141,0
0,0,0,0,0,0,0,0.86,0,0,0,2.58,0,0,0,0,0.86,0,2.58,0,0,0,0,0,1.72,0,0,0,0,0.86,0,0,0,0,0,0.86,0,0,0,0,0,0,0,0,0,0,0,0,0,0,0,0.141,0,0,1.535,8,43,0
0,0,0.58,0,0,0,0,0,0,0,0,0,0,0,0,0,0,0.58,0,0,0,0,0,0.58,1.75,1.16,0,0.58,0,0.58,0.58,0,0,0,0.58,0.58,0,0,0,0,0,0,0,0,0,0,0,0,0,0.059,0,0,0,0.178,2.506,11,183,0
0,0.68,0.34,0,0,0,0,0.34,0,0,0.34,0,0,0,0,1.72,0,0,1.03,0,2.06,0,0,0,0,0,0,0,0,0,0,0,0,0,0,0,0,0,0,0.34,0,0,0,0,0.34,0,0,0,0,0.046,0,0,0,0,3.344,107,194,0
0,0,0,0,0,0,0,0,0,0,0,0,0,0,0,0.58,0,0,0,0,0,0,0,0,0,0,1.46,0.29,0,0.58,0,0,0,0,0,0,0.58,0,0,0,0,0,0,0,0,0,0,0,0,0.018,0,0,0,0,251,1488,1506,0
0.3,0,0.3,0,0,0,0,0,0,0,0,0.15,0,0,0,0,0,0.15,1.38,0,0.61,0,0,0,1.38,0.3,0.61,0.15,0.15,0.15,0.15,0.15,0.3,0.15,0.15,0.15,0.3,0,0.15,0.15,0,0,0.3,0,0.61,0,0,0,0.131,0.183,0.052,0,0,0,1.837,13,305,0
0,0,0.29,0,0.29,0,0,0,0.29,0,0,0.29,0,1.19,0,0,0.29,0,0.29,0,0.29,0,0,0,0,0,0,0.29,0,0,0.29,0,0,0,0.29,0,0.29,0,0,0,0,0.89,0,0,0,0,0,0,0,0.156,0.031,0.376,0,0.125,3.338,157,611,0
0,0,0,0,0,0,0,0,0.43,0,0,2.17,0,0,0,0,0,0,0.86,0,0,0,0,0,0.86,0.43,0,1.3,0,0,0,0,0,0,0.86,0,0,0,0,0,0,0,0,0,0,0,0,0,0,0.248,0,0,0,0,2.119,15,142,0
0,0,0,0,0,0,0,0,0,0.55,0,0.55,0,0,0,0,0,0,1.11,0,0.55,0,0,0,2.77,2.22,1.11,0.55,0.55,0.55,0.55,0.55,0.55,0.55,0.55,0.55,1.66,0,0.55,0.55,0,0,1.11,0,1.11,0,0,0,0,0.603,0.086,0,0,0,2.113,13,167,0
0,0,0,0,0,0,0,0,0,0,0,1.49,0,0,0,0,0,0,0,0,0,0,0,0,1.49,1.49,0,0,0,0,0,0,0,0,0,0,0,0,0,0,0,0,0,0,0,1.49,0,0,0,0,0,0,0,0,2,8,36,0
0,0,0.89,0,0.44,0.44,0,0,0,0,0,0.89,0,0.44,0,0,0.89,0,0,0,0,0,0,0,1.79,0,0,0,0,0,0,0,0,0,0,0.89,0,0,0,0,0,0,0,0,0.44,0,0,0,0,0.131,0,0,0,0,1.61,13,95,0
0,0,0,0,0,0,0,0,0,0,0,0.9,0,0,0,0,0,0.6,0.6,0,0.6,0,0,0,0,0.3,0,0,0,0,0,0,0,0,0,0,0,0,0,0,0,0,0,0,0,0,0,0,0,0.173,0,0,0.129,0,3.266,31,196,0
0,0,0,0,0,0,0,0,0,0,0,0,0,0,0,0,0,0,0,0,0,0,0,0,0,0,0,0,0,0,0,0,0,0,0,0,0,0,0,0,0,0,0,0,0,0,0,0,0,0,0,0,0,0,1.666,3,15,0
0.35,0,0.35,0,0,0,0,0,0,0,0,0.35,0,0,0,0,0,0,1.42,0,0.71,0,0,0,0,0,0.35,0,0,0,0,0,0.35,0,0,0,0,0,0,0,0,0,0,0,0,0,0,0,0,0,0,0,0,0,1.292,4,84,0
0,0,0,0,1.85,0,0,0,0,0,0,0,0,0,0,0,0,0,1.85,0,0,0,0,0,0,0,0,0,0,0,0,0,0,0,0,0,0,0,0,0,0,0,0,0,0,1.85,0,0,0,0,0,0,0,0,1,1,19,0
0,0,0,0,0,0,0,0,0,0,0,0,0,0,0,0,0,0,1.61,0,0,0,0,0,1.61,0,0,0,0,0,0,0,0,0,0,0,0,0,0,0,0,0,0,0,1.61,0,0,0,0,0.294,0,0,0,0,1.25,2,15,0
0,0,0,0,0,0,0,0,0,0.65,0,0,0,0,0,0,0,0,0,0,0.65,0,0,0,0,0,0.65,0,0.65,0,0,0,0.65,0,0,0,0,0,0,0,0,0,0,0,0,0,0,0,0,0.327,0.109,0,0,0.109,3.857,28,162,0
0.36,0,1.47,0,0.36,0,0,0,0.36,0,0.36,3.32,0,0,0,0,0,0,1.1,0,0.36,0,0,0,0.36,0.36,0,0,0,0,0,0,0,0,0,0,1.1,0,0,0,0,1.1,0,0,0,0,0,0,0,0.051,0,0,0,0,2.293,45,172,0
0,0,0,0,0.83,0.41,0,0.83,0,0,0,1.67,0,0,0,0,0,0,0,0,0,0,0,0,0,0.41,0,0,0,0,0,0,0,0,0,0,0.41,0,0,0,0,0,0,0,0,0,0,0,0,0.068,0,0,0,0,1.673,5,82,0
0,0,0,0,0,0,0,0,0,0,0,0,0,0,0,0,0,0,1.57,0,0,0,0,0,0,0,0,0,0,0,0,0,0,0,0,0.78,0,0,0,0,0,0,0,0,0,0,0,0,0,0,0,0,0,0,1,1,16,0
0,0,0.87,0,0.87,0,0,0,0,0.87,0,0,0,0,0,0,0,0,0,0,0.87,0,0,0,1.75,0.87,2.63,0,0,0,0,0,0,0,0,0,0.87,0,0,0,0,0,0.87,0,0.87,0,0,0,0,0.283,0.141,0,0,0,1.785,15,75,0
0,0,0,0,0,0,0,0,0,0,0,0,0,0,0,0,0,0,0,0,0,0,0,0,0,0,16.66,0,0,0,0,0,0,0,0,0,0,0,0,0,0,0,0,0,0,0,0,0,0,0,0,0,0,0,1,1,6,0
0,0,0,0,0,0,0,0,0,1.63,0,0,0,0,0,0,0,0,0,0,0,0,0,0,0,0,1.63,0,0,0,0,0,1.63,0,0,0,0,0,0,0,0,0,0,0,0,0,0,0,0,0.272,0.272,0,0,0,4.19,26,88,0
0,0,0,0,0,0,0,0,0,0,0,1.58,0,0,0,0,0,0,0,0,0,0,0,0,0,0,0,0,0,0,0,0,1.58,0,0,0,1.58,0,0,0,0,0,0,0,0,0,0,0,0,1.182,0,0,0,0,2.057,13,72,0
0,0,0,0,0,0,0,0,0,0,0,0,0,0,0,0,0,0,0,0,0,0,0,0,2.22,2.22,0,0,0,0,0,0,0,0,0,0,0,0,0,0,0,0,0,0,2.22,0,0,0,0,0,0,0,0,0,1.75,5,21,0
0,0,0.28,0,0,0,0,0,0,0,0,0,0,0,0,0,0,0,1.4,0,0.56,0,0,0,3.37,1.4,0.28,0.28,0.28,0.28,0.28,0.28,0,0.28,0.28,0.28,0.56,0,0,0.28,0,0.28,0.56,0,0.28,0,0,0,0,0.14,0.093,0,0,0,2.464,15,207,0
0,0,0,0,0,0,0,0,0,0.5,0,0,0,0,0,0,0,0,0,0,0,0,0,0,0,0,0.5,0,0.5,0,0,0,0.5,0,0,0,0,0,0,0,0,0,0,0,0,0,0,0,0,0.505,0.168,0,0,0.084,4.068,28,236,0
0,0,1.33,0,0,0,0,0,0,0,0,0,0,0,0,0,0,1.33,0,0,0,0,0,0,2.66,1.33,0,1.33,0,1.33,1.33,0,0,0,1.33,1.33,0,0,0,0,0,0,0,0,0,0,0,0,0,0.288,0,0.144,0,0,1.857,10,39,0
0,0,0,0,0.35,0,0,0,0,0.35,0,0,0,0,0,0,0,0,2.1,0,0.7,0,0,0,2.8,1.05,1.4,0.35,0.35,0.35,0.35,0.35,0,0.35,0.35,0.35,0.7,0,0,0.35,0,0,0.7,0,0.7,0,0,0,0,0.233,0.116,0,0,0,1.746,13,145,0
0,2.07,0,0,0,0,0,0,1.55,0,0,0.51,0,0,0,0,0,0,1.03,0,0,0,0,0,0.51,0,2.59,0,0,0,0,0,0,0,0,0,0,0,0,0,0,0,0,0,0,0,0,0,0,0.07,0,0,0.141,0.211,25.812,104,413,0
0,1.36,0.9,0,0,0,0,0,0,1.81,0,0.45,0,0,0,0,0,1.81,0,0,3.18,0,0,0,0.45,0,0,0,0,0,0,0,0.9,0,0,0,0,0,0,0,0,0,0,0,0,0,0,0,0,0.199,0,0,0,0,3.382,53,159,0
0,0,0,0,0,0,0,0,0,0,0,0,0,0,0,0,0,0,1.14,0,0,0,0,0,2.29,1.14,0,3.44,0,0,0,0,0,0,2.29,0,0,0,0,0,0,0,0,0,0,0,0,0,0,0.163,0,0,0,0,3.28,15,82,0
0,0,0,0,0,0,0,0,0,0,0,0,0,0,0,0,0,0,1.08,0,1.08,0,0,0,0,0,1.08,0,0,0,0,0,0,0,0,0,0,0,0,0,0,0,0,0,0,0,0,0,0,0,0,0,0,0,1.263,4,24,0
0.1,0,0.1,0,0.1,0.1,0,0.4,0,0,0.1,0.8,0,0,0,0,0,0.1,0.1,0,0,0,0,0,0.1,0,0,0.1,0,0,0,0,0.1,0,0,0,0.3,0,0.1,0,0,0.4,0.2,0.2,0,0.8,0,0,0.015,0.136,0.015,0,0.015,0,1.636,18,527,0
0,0,0,0,0.67,0,0,0,0,0.67,0,0.67,0,0,0,0,0,0,0.67,0,0,0,0,0,4.05,4.05,0,2.02,0,0,0,0,0,0,0.67,0,0.67,0,0,0,0,0,0,0,0,0,0,0,0,0.613,0,0,0,0,2.976,24,128,0
0.9,0,0,0,0,0,0,0,0,0,0,0.9,0,0,0,0,0,0,0,0,0,0,0,0,0.9,0.9,0,0,0,0,0,0,0,0.9,0,0,0.9,0,0,0,0,0,0,0,0,0,0,0,0,0.15,0,0,0,0,3.225,22,129,0
1.19,0,0,0,0,0,0,0,0,1.19,0,0,0,0,0,0,0,0,1.19,0,0,0,0,0,1.19,1.19,0,2.38,0,0,0,0,0,0,0,0,0,0,0,0,0,0,0,0,0,0,0,0,0,0.4,0,0,0,0,3.09,11,68,0
0,0,0,0,0.34,0,0,0,0,0,0,0.34,0,0,0,0,0,0,0,0,0,0,0,0,0,0,0,0,0.34,0,0,0,3.06,0,0,0,0.34,0,0,0,0.34,0,0,0,0,0,0,0.34,0.088,0.132,0,0,0,0,1.25,7,85,0
0,0,0,0,0,0.32,0,0.64,0,0,0,1.6,0,0.32,0,0,0,0.32,0.32,0,0,0,0,0,0.32,0.32,0,0.32,0,0,0,0,0,0,0,0,0,0,0,0,0,0,0,0,0,0,0,0,0,0.08,0,0,0,0,4.295,87,262,0